run lumi event CSV_j0_sj0 CSV_j0_sj1 CSV_j1_sj0 CSV_j1_sj1
1 692 1968945 220.199 50.9026 -302.212 -101.078
1 2848 8112693 -781.972 -303.052 1014.8 141.22
1 9068 25833378 335.386 161.996 -316.969 -57.2289
1 7277 20731578 263.019 3.53481 6.02012 40.4199
1 1030 2934092 546.235 387.797 -700.201 -155.875
1 2595 7391746 1090.18 129.48 -331.648 -28.5829
1 4776 13604496 586.106 179.313 -602.739 -52.5303
1 5266 15000129 543.023 110.311 -305.508 -127.279
1 7160 20396161 -695.415 -170.803 289.83 176.342
1 9582 27296839 945.222 120.594 -788.496 -218.801
1 1742 4960742 -484.22 -259.891 340.38 129.329
1 3572 10176308 -19.5236 1.91563 -90.8988 -99.2249
1 6016 17138104 297.857 72.0534 -267.981 -84.7883
1 7045 20069304 -749.295 -94.0308 396.971 192.963
1 6715 19127871 120.018 53.8268 8.49473 -92.1862
1 6662 18976981 718.449 189.888 -567.973 -268.298
1 7322 20859066 -439.881 -27.4836 218.227 104.118
1 8372 23850410 -334.903 -252.862 452.952 125.61
1 8882 25302571 532.051 525.57 -676.044 -333.565
1 8886 25313961 616.742 195.15 -431.863 -371.222
1 1613 4593923 -821.203 -710.638 1215.6 226.532
1 7913 22543191 534.333 191.793 -482.648 -198.418
1 6347 18079495 64.2905 3.5998 -118.664 -146.854
1 6600 18801319 -830.162 -102.732 760.043 81.6171
1 6969 19851542 -699.814 -238.755 260.264 251.985
1 7040 20055254 354.223 49.0448 -364.022 -357.918
1 7003 19948902 -811.097 -136.068 361.606 377.127
1 7003 19950827 -308.124 -120.951 238.118 214.524
1 7027 20017825 -541.462 -317.829 655.322 161.485
1 7873 22429400 -169.513 -52.7344 148.43 -18.2232
1 9477 26998977 -807.775 -203.128 487.796 398.094
1 8770 24982463 412.839 107.572 -612.147 -45.4013
1 9385 26734613 567.779 427.547 -649.72 -238.565
1 3351 9545380 1201.98 150.858 -981.49 -147.783
1 4591 13078736 -106.857 -3.56053 142.496 8.03577
1 4961 14131961 841.14 115.103 -446.397 -82.9108
1 4978 14180601 754.405 347.733 -969.118 -148.984
1 8055 22946566 775.491 229.344 -692.234 -250.927
1 5086 14487240 496.63 238.484 -582.278 -149.764
1 6023 17158253 466.312 358.804 -697.966 -101.892
1 5812 16556822 677.281 425.658 -916.466 -125.453
1 5812 16557575 -271.466 -10.7637 88.3354 33.6766
1 5830 16606552 632.928 200.437 -547.138 -170.86
1 5880 16750923 -433.456 -123.361 500.498 53.8455
1 6933 19751633 -1062.3 -208.986 779.758 333.836
1 6943 19780231 -851.53 -214.111 999.68 128.161
1 7000 19941866 213.156 166.067 -219.049 -184.15
1 9007 25659254 347.829 112.489 -261.752 -159.795
1 9545 27192801 -604.726 -151.424 476.203 244.046
1 4718 13439665 -771.142 -199.596 560 121.327
1 4719 13443972 502.205 328.868 -412.155 -73.5407
1 4749 13528629 -56.9666 -40.6292 65.9129 44.693
1 6786 19331208 368.901 30.2222 -262.54 -151.158
1 6786 19332742 -89.1305 -46.3024 67.6154 -17.5874
1 5219 14865965 526.23 282.359 -696.217 -179.437
1 6926 19730546 224.203 49.9882 -121.812 -33.4843
1 6723 19153239 928.409 145.844 -637.719 -341.542
1 6094 17360690 -297.215 -80.9976 132.318 106.843
1 6509 18543100 -674.243 -279.196 401.794 142.982
1 7740 22049992 -445.967 -404.489 516.96 97.0178
1 8628 24578398 -618.695 -352.665 632.871 173.068
1 7794 22203833 -95.6091 11.3977 114.165 -30.6297
1 10114 28813841 -79.2456 -77.7027 192.547 4.7451
1 7430 21164812 648.297 113.557 -388.761 -188.847
1 6389 18200842 267.816 100.778 -195.367 -158.533
1 6766 19273253 -401.949 -293.126 316.923 119.734
1 6941 19774454 -706.573 -197.701 607.862 227.796
1 7005 19956440 -649.848 -101.384 476.099 78.4448
1 7389 21049248 -59.3582 32.0362 -52.2679 28.4511
1 7414 21120330 -484.262 -39.7958 14.9139 47.2651
1 7904 22515761 425.065 107.662 -310.928 -46.0396
1 8059 22956976 428.11 288.754 -546.633 -181.497
1 8388 23896852 934.385 171.412 -642.671 -277.521
1 859 2445125 -182.011 -67.7409 103.054 37.2732
1 1743 4963028 -238.183 -128.982 263.439 90.9881
1 2101 5983201 -864.398 -126.523 525.299 71.3795
1 5389 15350136 -814.793 -205.29 528.352 475.38
1 5389 15352709 -299.788 -211.485 233.011 223.844
1 2582 7354075 499.843 382.825 -612.12 -236.037
1 3729 10622976 -201.828 -38.0071 -2.33769 40.2003
1 5916 16852992 513.167 176.144 -169.602 -20.7109
1 864 2461372 518.595 115.445 -433.671 -250.436
1 9184 26163803 192.804 82.956 248.78 103.213
1 9699 27630522 562.902 58.2744 -485.235 -55.2159
1 3395 9670099 960.428 106.883 -789.318 -194.883
1 3582 10202297 427.926 266.322 -548.667 -81.4057
1 4682 13337674 538.882 373.951 -458.236 -341.866
1 8981 25584067 -635.547 -116.158 -132.928 26.9979
1 9180 26153001 589.946 39.9272 -289.907 -27.0435
1 6138 17484488 -235.45 -63.532 6.73525 74.8396
1 6432 18323618 -119.128 -104.279 -131.246 -62.9514
1 6772 19290305 763.213 263.608 -464.522 -168.041
1 7650 21792252 764.651 109.389 -399.595 -244.745
1 7650 21793061 546.45 22.1071 -398.666 -58.7784
1 8692 24761329 912.731 118.951 -888.938 -120.285
1 1213 3453873 -534.243 -52.5474 149.645 16.2355
1 2667 7596525 -789.977 -178.854 837.667 107.294
1 2667 7597636 -896.997 -171.231 759.964 272.801
1 8827 25145724 -761.039 -130.968 646.841 117.887
1 8411 23959861 551.923 505.794 -744.738 -91.6748
1 5458 15547733 768.837 202.747 -786.94 -196.285
1 8382 23879344 980.871 529.907 -786.97 -733.481
1 9382 26728636 -603.57 -244.292 613.318 159.845
1 1262 3595039 -314.664 -30.3518 402.122 71.1082
1 4806 13690374 -318.885 -106.954 -148.247 24.6529
1 7517 21415095 588.27 99.7675 -663.879 -121.709
1 6419 18285256 411.213 142.575 -473.839 -84.9554
1 7668 21845544 -140.376 -79.4606 161.234 42.5502
1 9845 28047452 -771.45 -683.385 441.347 384
1 9945 28329913 48.139 62.7284 -132.745 -5.35216
1 7256 20669610 -251.056 -71.9522 235.38 10.7014
1 8416 23974632 410.42 209.06 -354.398 -119.943
1 3827 10900561 -366.849 -51.0817 430.929 48.2772
1 3827 10900660 763.788 218.928 -663.067 -105.559
1 9071 25841498 -436.563 -108.751 -91.0645 -0.859442
1 6507 18537588 847.03 81.6782 -537.212 -294.868
1 6736 19188957 -12.7093 -2.97525 251.486 63.1577
1 10113 28809127 862.313 183.963 -714.292 -99.1017
1 1215 3459232 243.1 112.18 -246.338 -74.2029
1 1215 3459480 1072.35 343.393 -760.522 -477
1 1215 3459813 -589.435 -343.087 564.071 68.4156
1 3337 9505413 309.316 285.22 -463.783 -258.904
1 6929 19737827 734.559 140.044 -628.179 -97.8112
1 7924 22574891 -183.222 -182.435 452.176 187.012
1 2399 6832262 -521.414 -194.726 90.8175 -30.16
1 6038 17199828 -375.301 -195.832 85.6883 101.46
1 4437 12639825 205.395 29.8727 -37.804 2.89528
1 4854 13826328 -99.1578 -64.7886 286.423 11.7888
1 5741 16355436 -264.599 -148.966 372.244 66.474
1 5818 16574076 308.285 47.9325 119.164 -12.3666
1 5857 16685637 -335.485 -31.614 -273.026 -0.370207
1 6909 19680679 -232.246 -10.6479 88.4151 47.2169
1 8124 23142113 -629.86 -98.3699 264.757 268.987
1 3190 9088115 446.09 204.128 -369.597 -150.98
1 2918 8312104 642.729 130.252 -489.381 -87.8176
1 3383 9637185 -654.969 -172.001 572.812 88.0093
1 3388 9651145 239.691 181.349 -263.306 -147.225
1 3388 9652277 22.2969 -30.7724 -48.0993 2.34609
1 3983 11346513 -438.12 -177.443 242.098 17.2802
1 5001 14245177 363.073 160.969 -272.087 -163.28
1 343 974691 -911.457 -224.645 572.663 402.225
1 723 2057379 -39.7066 28.4524 -35.0327 38.4209
1 1209 3442334 565.901 189.927 -630.407 -68.5364
1 3127 8907208 -436.52 -173.068 59.8256 101.552
1 1411 4019777 666.275 517.055 -669.981 -387.317
1 2084 5935672 468.231 159.703 -451.272 -190.837
1 4192 11941074 461.885 180.56 11.8066 39.7118
1 9540 27178664 -429.719 -13.4446 184.154 35.282
1 1896 5401036 358.4 330.022 -405.404 -115.667
1 2080 5925250 -762.305 -157.026 636.169 157.433
1 2085 5939944 521.497 273.299 -409.706 -84.8921
1 3717 10588990 1844.69 423.128 -919.27 -938.215
1 3159 8997465 -866.771 -197.421 611.19 281.319
1 1894 5395081 -891.838 -96.894 703.219 127.772
1 1900 5410321 -465.385 -329.654 569.326 140.46
1 1900 5410759 -469.297 -122.761 600.433 64.7594
1 2995 8531420 481.061 103.437 -440.141 -77.9262
1 2996 8535046 526.493 267.588 -455.616 -92.8983
1 3104 8840403 110.069 -16.036 -38.2473 19.2211
1 3103 8840224 -232.158 -43.1772 -142.961 6.91531
1 3435 9785329 119.139 76.2556 165.391 83.9588
1 8229 23441594 851.865 495.265 -1169.63 -188.352
1 7718 21986831 598.014 455.208 -617.651 -75.1582
1 10140 28886616 -778.03 -277.455 503.309 278.963
1 183 520883 -1006.97 -172.918 1039.57 206.438
1 277 786507 741.017 408.684 -853.73 -241.542
1 1603 4564871 215.048 46.4864 -287.919 -96.772
1 324 922999 200.875 119.439 -252.746 -55.0389
1 881 2508189 -207.534 -74.2139 -196.731 -91.4523
1 782 2226987 870.144 215.924 -788.093 -200.251
1 1281 3647606 1.1091 26.2397 -38.8199 30.2571
1 1169 3328338 870.525 113.028 -690.374 -71.3527
1 1944 5536621 -133.04 -11.4362 422.891 102.663
1 2260 6437888 -713.415 -283.162 819.173 101.486
1 4420 12591361 -726.481 -85.971 423.334 40.0046
1 4511 12849842 806.799 282.771 -466.786 -445.497
1 5147 14663467 -98.7722 -132.15 187.612 37.5491
1 5506 15686133 285.099 233.899 -532.863 -69.9748
1 9060 25809927 -878.79 -378.59 952.653 217.469
1 9867 28108623 428.023 161.644 -227.362 -260.105
1 3764 10721489 315.461 130.1 -362.779 -61.491
1 5644 16079276 -586.798 -198.521 570.645 108.337
1 5526 15741817 58.5206 -40.0631 -28.2009 -29.0153
1 7512 21398840 543.619 99.6944 -354.85 -278.259
1 8301 23646831 -692.209 -178.734 484.207 366.305
1 7502 21372378 498.14 126.869 -317.288 -73.6517
1 910 2591267 -83.0534 -13.2384 174.937 92.2032
1 905 2577238 -644.31 -79.5921 417.967 91.7371
1 1149 3271094 -328.275 -174.621 198.51 9.76377
1 1149 3272052 151.719 8.89539 -76.5491 -107.512
1 1068 3041251 571.842 460.455 -732.042 -202.686
1 2008 5718965 254.525 300.656 -228.767 -49.7871
1 2492 7099161 781.615 82.9581 -802.127 -65.862
1 6241 17780070 -282.062 -157.671 309.28 131.949
1 5138 14635824 -1020.29 -265.875 681.601 187.622
1 1394 3970178 316.857 68.6678 38.3006 -67.3033
1 2148 6117834 977.884 295.743 -934.984 -128.584
1 9555 27220571 530.853 366.806 -442.268 -66.1453
1 9931 28292735 1000.34 335.064 -1087.42 -196.486
1 156 443028 -471.437 -328.493 723.019 76.1886
1 750 2135923 572.271 512.047 -711.448 -164.284
1 1774 5052989 -447.034 -428.907 745.584 72.8998
1 3013 8581868 676.604 332.321 -590.135 -141.55
1 3780 10767720 -829.679 -217.002 778.92 148.567
1 6609 18828377 165.316 46.1636 -247.26 -55.7484
1 7428 21160299 -789.402 -135.65 531.411 109.573
1 6405 18245480 206.589 16.1377 -189.27 13.9253
1 6697 19077985 -369.962 -75.0925 308.03 199.102
1 6036 17194964 -710.835 -291.001 690.835 323.9
1 831 2366827 760.909 159.515 -268.785 -91.1914
1 1226 3491228 -433.264 -453.897 786.962 81.5986
1 1226 3491261 768.95 152.563 -327.201 -185.373
1 1597 4547910 588.12 109.272 -483.126 -208.189
1 6099 17374967 -396.259 -100.679 286.726 147.404
1 2066 5883918 -425.856 -90.5535 702.247 79.9601
1 3220 9171043 -655.805 -606.771 1021.54 127.854
1 3220 9172083 -483.19 -105.092 273.938 78.2247
1 5802 16528899 897.342 495.515 -926.128 -455.01
1 4358 12414125 -165.149 -10.9801 471.008 102.746
1 5758 16403548 -412.709 -69.2639 67.4864 -8.48029
1 4616 13149386 515.279 242.183 -485.804 -93.461
1 5775 16450728 -579.524 -174.091 430.09 252.054
1 6086 17336352 -547.219 -275.695 411.761 76.7474
1 6152 17524444 -65.7651 14.308 202.758 49.0633
1 3513 10008156 794.189 174.663 -566.128 -370.097
1 7742 22055318 -377.494 -38.6011 75.2501 0.522566
1 3391 9658817 -774.318 -258.137 369.755 127.703
1 6361 18120873 839.891 287.541 -862.018 -268.227
1 7288 20761181 -667.336 -111.793 480.356 35.6487
1 8791 25042153 35.7671 -26.988 -49.0418 -15.3205
1 8791 25043727 -783.226 -103.648 640.647 98.5966
1 8836 25170780 440.591 176.295 -530.015 -78.3968
1 8915 25398092 805.039 139.635 -743.431 -203.28
1 8918 25404221 -524.478 -415.483 332.841 35.3071
1 8939 25466012 -569.898 -393.631 441.588 393.495
1 8939 25466517 -550.963 -201.78 661.575 95.496
1 9104 25936196 -765.579 -129.493 481.731 88.9167
1 7963 22686117 -136.657 -87.0357 62.0224 72.28
1 9962 28380928 588.521 70.1308 -509.912 -72.3378
1 10039 28598319 422.527 54.872 -275.991 -110.653
1 10045 28615726 -539.741 -92.4823 350.019 66.4089
1 10046 28618588 -425.095 -147.022 194.317 52.9243
1 10172 28979204 583.452 279.682 -536.389 -216.654
1 5837 16628378 -808.168 -191.885 748.46 159.305
1 6519 18571700 -354.671 -84.8588 294.867 135.648
1 6519 18571755 -720.198 -108.345 515.337 67.3539
1 7161 20401161 -749.66 -259.362 574.787 387.656
1 9749 27773988 797.397 109.716 -609.839 -163.443
1 10011 28519451 614.043 443.361 -557.531 -259.366
1 56 159033 758.36 67.6897 -698.097 -116.813
1 2945 8389944 718.234 646.654 -825.007 -461.965
1 7674 21860288 897.681 128.406 -632.98 -82.9331
1 9720 27690993 -621.416 -572.025 848.955 104.257
1 9986 28447584 821.519 227.612 -906.647 -92.8011
1 4684 13342353 -614.676 -289.076 659.362 232.084
1 4693 13369842 332.647 196.456 -498.886 -152.87
1 5713 16276002 95.2348 0.644991 -69.6284 -14.0949
1 5408 15406832 717.893 204.495 -691.129 -141.792
1 9919 28256513 -888.505 -99.9252 523.613 106.361
1 8368 23837706 -525.372 -101.278 390.615 169.396
1 8477 24148669 233.855 22.2873 -219.215 -16.8197
1 8366 23831939 -58.2804 -0.813031 -213.72 -65.1151
1 5846 16653205 215.21 103.962 182.629 -10.1929
1 741 2109187 -38.7374 61.2812 -38.0496 -35.9669
1 3744 10666035 -486.828 -207.198 563.15 82.3353
1 3335 9498488 36.7069 5.07508 323.554 83.9894
1 5249 14952113 -793.5 -97.1816 573.623 284.63
1 6198 17656356 -926.375 -199.317 662.086 384.695
1 6200 17661173 569.028 130.229 -423.58 -361.814
1 459 1307012 -284.64 -30.5926 586.749 91.4836
1 1216 3464293 291.203 27.2919 -207.417 -93.9697
1 4217 12011355 -496.442 -224.764 46.8408 48.3472
1 3850 10967652 766.187 255.156 -861.06 -131.821
1 4816 13717745 503.966 300.205 -397.898 -263.751
1 8333 23739668 -725.642 -204.07 785.371 156.483
1 4445 12661962 708.607 72.2657 -621.914 -135.225
1 998 2841671 853.509 103.975 -707.768 -246.916
1 2457 6999481 -79.9622 -49.9725 38.7262 -1.91607
1 2485 7078311 -567.765 -536.807 601.385 430.658
1 2512 7155005 273.593 70.4223 -334.82 -264.412
1 3723 10604203 418.37 36.3268 -150.569 -67.6283
1 3723 10605877 -716.517 -288.387 834.29 130.014
1 5205 14827902 -403.983 -225.884 317.506 327.868
1 5512 15700595 -32.1428 47.6108 -171.312 -51.5592
1 3953 11259207 -532.039 -233.582 -96.0232 -7.66247
1 870 2476296 786.762 277.734 -327.56 -214.411
1 3754 10693913 483.589 106.619 -470.442 -228.696
1 1544 4398041 1022.21 118.543 -983.092 -185.157
1 2478 7057525 -222.657 -255.247 415.517 57.7273
1 2480 7064464 642.041 175.607 -359.33 -234.839
1 5075 14457576 -42.1138 67.9291 32.105 -65.7113
1 4783 13623833 -228.974 -107.874 315.778 278.765
1 6226 17735576 384.609 99.6332 -193.721 -62.7828
1 6482 18465293 -291.53 -174.602 141.024 104.341
1 6482 18466467 375.252 125.667 -332.984 -23.6723
1 1542 4392408 18.1571 -81.9455 -227.56 4.06487
1 3176 9045771 492.94 81.9728 -295.784 -142.425
1 3186 9075871 -1176.68 -146.486 896.577 331.962
1 5187 14777394 -362.561 -52.9441 66.4731 61.5747
1 9801 27922076 -631.484 -84.5185 553.638 117.595
1 6522 18578790 881.949 217.03 -629.608 -555.097
1 43 119877 -603.86 -170.949 709.096 151.674
1 657 1869213 768.287 190.982 -446.289 -84.6133
1 2172 6185605 -598.246 -450.604 740.315 253.392
1 5714 16278496 -901.818 -150.662 562.801 142.661
1 9808 27941376 641.557 176.108 -512.515 -77.5585
1 9916 28247559 -199.208 -163.777 320.02 57.1314
1 96 272081 -6.5652 -58.4062 35.7602 -58.1569
1 798 2272140 -1063.13 -143.473 942.226 256.837
1 3146 8961362 326.329 125.54 -357.638 -26.5448
1 4612 13137497 -748.383 -160.809 717.656 216.672
1 4629 13185433 -754.007 -614.159 760.444 465.661
1 4865 13859633 90.5178 28.4675 -308.577 -43.1441
1 1 1472 903.447 158.214 -746.739 -144.708
1 1002 2852611 -306.43 -62.9632 335.035 118.703
1 1003 2855113 705.976 230.4 -703.345 -150.475
1 5435 15482191 -496.121 -492.179 723.773 101.359
1 5683 16188832 -1004.46 -114.802 524.493 110.858
1 7962 22682292 -1047.77 -270.623 702.87 454.224
1 7452 21230282 666.85 400.578 -570.334 -452.778
1 8234 23455740 -804.397 -510.746 516.61 83.6317
1 5 12557 -848.509 -148.381 866.696 110.713
1 3919 11163361 -541.016 -501.397 259.474 80.7259
1 45 125675 114.022 -11.3031 -139.299 -1.65582
1 1299 3699745 294.716 127.634 -230.452 -114.302
1 2109 6006996 -368.597 -197.318 490.836 47.3736
1 5593 15933445 280.936 173.254 203.344 77.5676
1 2449 6974862 -721.968 -98.6514 402.68 199.32
1 2489 7088954 735.308 270.993 -419.239 -380.326
1 3158 8995023 -793.918 -245.087 761.751 203.503
1 5103 14536829 -103.744 36.7724 279.594 179.23
1 7656 21809656 -503.305 -201.873 641.517 71.4015
1 7656 21811304 584.434 106.359 -328.007 -286.686
1 6 14793 -667.116 -406.871 417.418 380.481
1 3722 10602271 -1174.99 -226.458 1104.94 225.752
1 922 2624180 -315.282 -37.5428 171.335 199.279
1 6501 18520467 641.694 331.375 -703.639 -120.226
1 6788 19338355 -611.595 -310.257 676.96 110.289
1 10 27421 67.4539 -32.6501 9.50991 28.9544
1 3552 10118268 732.824 83.6322 -324.49 -95.0247
1 3678 10478280 -674.234 -491.551 590.112 46.5012
1 5662 16130166 -621.66 -73.0028 488.172 254.963
1 8365 23829266 711.147 251.006 -649.677 -161.707
1 8365 23829380 -476.299 -232.882 441.796 119.063
1 6534 18612921 39.3529 40.0361 -147.899 -69.4386
1 268 763085 604.84 101.38 -369.97 -76.1529
1 274 777927 -573.312 -277.527 735.124 234.366
1 1280 3646562 735.371 275.072 -645.37 -116.469
1 1804 5139208 -602.638 -128.606 489.046 197.559
1 2441 6953361 -988.307 -171.686 953.233 167.941
1 2702 7697703 235.893 66.0347 -127.326 -23.963
1 3341 9516484 964.767 153.973 -623.944 -276.013
1 4462 12710194 -901.546 -228.275 817.071 312.517
1 4474 12746137 -715.307 -334.015 620.646 368.042
1 4476 12749389 673.219 137.346 -593.714 -169.444
1 4476 12749508 -392.177 -99.9404 43.4437 114.634
1 4530 12904540 251.966 190.959 -448.755 -289.301
1 3381 9629525 398.2 126.659 -448.259 -30.817
1 3171 9032159 -16.7641 26.5571 63.5651 -24.8363
1 3180 9059369 -375.349 -309.317 341.07 106.371
1 9921 28262069 418.872 227.224 -546.359 -43.7643
1 10164 28954858 -1153.76 -155.061 935.37 116.404
1 10170 28972013 -368.308 -126.04 284.923 203.07
1 638 1816088 152.373 -23.0425 -53.8028 39.1511
1 3215 9158664 -326.88 -208.137 315.061 330.302
1 675 1920934 783.18 111.871 -710.873 -184.525
1 2758 7856605 -232.059 -62.2164 245.694 22.1613
1 3977 11328557 728.754 96.6962 -181.766 -57.5686
1 5054 14397612 31.6499 55.7534 -84.255 28.8855
1 6069 17289859 -909.505 -172.142 783.054 268.448
1 8347 23777761 566.556 69.0645 -370.175 -251.073
1 6865 19557122 713.44 97.629 -212.026 -79.8117
1 1686 4803332 -235.784 -136.962 315.406 43.4534
1 2003 5704478 645.255 233.507 -438.304 -240.279
1 2907 8280404 -1073.69 -205.66 742.989 168.517
1 2907 8280466 -394.806 -305.704 502.611 101.889
1 2899 8257432 497.834 244.687 -594.751 -103.896
1 2905 8275815 484.077 44.354 37.695 -11.5565
1 3375 9612459 924.004 225.244 -823.597 -387.454
1 4502 12825182 688.613 212.415 -717.587 -112.383
1 5017 14291440 -750.117 -106.45 415.278 80.7858
1 8620 24556627 393.259 359.14 -645.577 -91.8642
1 816 2324311 -172.57 18.6061 -35.5418 -17.7668
1 2954 8414959 371.734 74.6097 -259.021 -68.3615
1 3361 9575089 -141.941 -0.372223 55.0565 124.097
1 6568 18710022 -208.18 10.5228 217.557 148.052
1 7856 22378716 679.584 222.273 -691.353 -140.76
1 7856 22379167 -302.273 -30.1131 299.372 10.8994
1 8654 24652065 722.923 130.714 -755.373 -94.2935
1 8654 24653336 893.052 221.828 -893.121 -193.514
1 9753 27783539 -786.081 -292.799 940.525 102.6
1 9711 27665662 462.694 116.331 -387.794 -162.616
1 9980 28429559 846.322 167.331 -757.096 -159.649
1 9988 28452922 9.29968 -66.673 8.42657 74.5387
1 608 1731133 722.813 185.937 -218.566 -115.479
1 4666 13291630 -654.136 -136.79 372.2 45.6209
1 9513 27100143 684.115 157.81 -741.682 -125.484
1 2850 8118715 182.121 106.72 -173.076 -92.9415
1 7066 20128347 831.065 690.266 -929.882 -136.26
1 7078 20164249 645.428 211.338 -476.529 -333.105
1 177 501593 170.357 62.1056 -132.562 -73.9802
1 282 800746 676.356 122.667 -514.937 -115.913
1 1145 3259555 380.067 81.7449 -458.908 -113.942
1 1478 4209781 -401.907 -77.4836 230.003 52.7164
1 933 2656105 576.219 561.838 -644.196 -425.455
1 1546 4403616 -673.446 -203.511 639.646 240.934
1 2523 7186935 -491.136 -137.716 243.192 184.246
1 2966 8448979 -734.551 -191.279 569.775 63.3269
1 4427 12610894 -614.581 -373.304 798.772 171.077
1 6791 19346362 -505.181 -71.836 329.002 258.788
1 6228 17740566 -74.1072 -67.1234 104.679 0.509877
1 9122 25986021 699.047 367.657 -528.56 -96.4034
1 7243 20632292 -666.699 -250.407 643.318 115.764
1 318 903996 68.6774 -8.81874 2.37253 -10.2078
1 1592 4533585 62.3977 57.2218 -21.3336 -71.2352
1 1949 5550345 -736.611 -289.965 533.453 36.6383
1 1950 5554155 630.792 99.1555 -398.824 -310.473
1 2258 6430361 -227.146 -34.8393 556.586 47.1088
1 3333 9493603 -101.077 22.7577 62.9899 156.158
1 4607 13122468 699.835 100.706 -409.068 -160.151
1 4639 13214718 129.445 113.071 -80.349 23.3882
1 6618 18851731 764.636 349.547 -914.4 -169.129
1 9841 28034495 458.603 256.387 -410.522 -136.078
1 27 76725 156.344 -16.1492 -137.519 -135.781
1 166 471651 -771.488 -137.221 803.788 122.289
1 1498 4264993 493.532 97.0391 -526.74 -127.874
1 1886 5370911 -411.007 -91.6199 363.28 101.176
1 1727 4917268 -91.6272 -29.8859 -380.661 -55.453
1 7094 20209674 -407.515 -22.1083 86.1545 99.5425
1 7366 20984131 347.868 83.1059 -131.92 -75.9767
1 7300 20796500 -111.459 -11.8597 -340.581 -72.5955
1 7308 20817267 -170.606 -30.682 72.304 172.665
1 8852 25217297 -964.916 -174.831 869.057 122.741
1 7848 22355733 -934.221 -417.037 1258.28 198.291
1 8394 23912908 -55.2902 -39.1813 51.2121 -45.1406
1 8287 23607000 -157.606 1.76801 -43.0817 17.0269
1 6259 17831437 -765.11 -544.002 865.429 329.29
1 2594 7389257 -861.897 -319.232 433.858 266.108
1 3980 11337973 -715.788 -217.971 413.584 148.857
1 3980 11338776 219.969 104.351 -240.578 -71.5763
1 9952 28351793 -776.751 -156.172 643.601 248.738
1 6494 18500214 297.35 123.956 -62.3409 -75.7931
1 8511 24246918 491.782 429.156 -545.727 -352.633
1 9560 27234394 -629.754 -318.836 526.237 163.622
1 5330 15184537 -238.127 -24.1981 450.988 30.2754
1 6180 17605743 748.84 137.178 -490.782 -269.944
1 6579 18742429 272.473 77.6157 -251.807 -73.6783
1 6455 18388304 303.969 83.4791 -211.593 -45.0605
1 7922 22568597 -492.982 -462.161 368.232 31.6064
1 8038 22899610 526.779 80.6877 -91.7284 -12.9638
1 5498 15661704 507.734 100.657 -538.937 -45.6942
1 5498 15662204 -371.746 -76.4528 -2.69566 -92.5852
1 7472 21286415 -873.437 -104.159 517.068 138.593
1 6464 18413713 -423.553 -77.2339 336.413 135.123
1 6341 18062486 -298.261 -82.2083 223.911 175.236
1 6342 18067312 518.507 474.504 -809.396 -177.169
1 6388 18197150 94.6781 -19.6803 -77.3404 -11.4826
1 6781 19316993 345.746 207.678 -392.303 -132.637
1 7554 21519036 -607.888 -198.813 456.06 280.136
1 7675 21864690 672.927 77.9539 -500.024 -213.364
1 7708 21957865 -807.441 -288.29 869.074 105.297
1 9649 27487552 -721.379 -178.208 475.518 346.662
1 6793 19352821 -380.484 -93.7142 -28.7068 -31.8691
1 7024 20010924 -697.952 -184.023 294.37 329.459
1 6932 19746396 -423.173 -180.647 450.268 72.7352
1 6922 19717965 941.495 182.297 -700.435 -321.501
1 7001 19944357 262.787 -2.22626 -19.595 -78.9367
1 7209 20537569 -548.937 -196.423 541.184 143.709
1 7212 20545241 -595.363 -364.262 547.673 225.116
1 7214 20551773 -624.703 -160.374 649.884 198.959
1 7214 20551931 -337.15 -170.583 41.7854 43.6061
1 7214 20552017 -825.688 -108.758 626.894 180.876
1 7229 20592968 -100.919 12.9988 337.832 54.0723
1 7307 20815721 113.587 44.3811 -40.6495 37.4544
1 8632 24590290 -903.723 -108.764 684.705 213.284
1 9655 27506288 -222.945 -84.9846 238.985 68.7494
1 743 2115961 -565.023 -536.847 463.143 349.71
1 1265 3603115 -464.945 -108.704 537.381 83.5291
1 1265 3603153 -464.823 -179.799 436.589 49.7335
1 1167 3322039 855.028 164.058 -243.133 -202.882
1 7380 21022600 654.696 364.138 -694.438 -340.313
1 7380 21024614 -435.506 -262.076 384.214 287.845
1 200 568755 476.153 360.699 -490.563 -67.1851
1 1200 3416311 578.313 121.548 -274.47 -41.8376
1 4221 12024446 -899.033 -110.141 390.817 268.644
1 1882 5361148 -106.597 -29.2958 -38.2267 69.6081
1 2610 7433696 -1030.69 -143.604 859.464 166.444
1 2222 6327789 -35.0165 23.2193 85.4492 -31.0071
1 2303 6561110 64.117 -16.4923 57.6966 5.54554
1 2491 7096182 -708.889 -236.967 866.406 115.884
1 2580 7349904 -962.661 -285.382 1027.06 198.483
1 6286 17906699 -934.169 -121.549 676.035 136.999
1 1134 3229022 -179.573 -60.4888 359.057 45.6312
1 2135 6081226 93.2071 12.7282 -63.8088 -98.8676
1 2214 6306099 -28.7559 4.32231 17.7911 45.5232
1 5525 15739954 496.633 89.9833 -603.116 -171.162
1 8727 24861446 1.95985 46.3989 39.0775 12.6226
1 9535 27162239 -338.325 3.56518 79.0688 70.4696
1 9824 27985622 -775.349 -91.0491 623.27 105.345
1 10078 28710783 -944.447 -684.404 1359.66 214.863
1 2331 6639887 -521.337 -45.8662 256.037 196.04
1 3174 9041086 -484.947 -81.771 337.926 221.148
1 3177 9050377 1109.54 236.778 -940.067 -462.834
1 3376 9616855 -176.4 -47.0539 483.233 60.3839
1 5115 14570618 -92.2813 -40.9958 -5.68076 25.7279
1 9138 26031363 598.81 401.137 -507.563 -448.983
1 1421 4048252 527.195 166.282 -526.793 -132.95
1 5655 16109382 -718.316 -77.7148 419.84 65.5157
1 7713 21971848 -477.123 -307.657 630.634 105.612
1 8221 23420938 661.661 99.4584 -552.474 -247.006
1 8539 24326574 453.956 290.665 -151.073 -40.3362
1 10071 28689049 572.614 567.566 -737.494 -295.918
1 10071 28691188 -598.879 -118.342 429.797 164.154
1 10072 28693907 49.0909 37.7847 -144.733 -10.2387
1 57 160770 19.2633 -26.693 37.7556 -23.9339
1 1043 2969472 -559.69 -487.207 672.435 134.243
1 2898 8254503 -125.889 1.12971 63.1874 131.404
1 3853 10975926 971.067 155.57 -516.491 -263.169
1 4653 13255927 939.711 252.97 -573.317 -449.227
1 4661 13276773 -637.5 -111.661 564.217 175.979
1 6192 17639223 -43.0533 -61.149 143.393 1.5267
1 8972 25558435 -219.365 -96.9612 43.9616 -2.82351
1 59 165681 289.293 286.037 -223.166 -162.021
1 59 168029 740.085 120.309 -586.691 -90.3338
1 1489 4239841 -677.116 -530.222 1002.16 153.035
1 4801 13676002 -601.24 -120.555 506.863 159.85
1 6103 17385327 -719.738 -293.347 748.331 127.723
1 6118 17428506 9.56207 85.9987 227.033 13.1977
1 7433 21173796 -431.523 -237.855 548.505 27.1789
1 7774 22146174 -596.149 -125.814 366.663 301.554
1 8257 23522565 -17.0032 -98.9938 137.343 123.988
1 8257 23522572 -774.291 -136.548 373.611 321.939
1 8258 23525351 30.9226 92.3363 -7.7139 -106.157
1 97 274056 238.987 80.0577 -463.372 -73.5394
1 153 433490 754.078 190.855 -433.82 -271.968
1 3230 9200672 -302.475 -273.61 480.09 79.9712
1 1076 3065264 672.712 122.672 -596.615 -163.836
1 1481 4217182 -692.398 -95.5171 396.148 87.9275
1 1483 4224602 658.654 118.845 -519.244 -269.476
1 2962 8436568 987.867 169.05 -504.19 -263.112
1 2747 7825874 -450.767 -309.211 500.653 125.685
1 3605 10269054 -491.961 -94.212 253.353 211.013
1 6104 17387266 1139.04 130.857 -700.9 -509.523
1 6659 18968653 134.192 -3.92576 -35.5582 -31.5399
1 6693 19067462 -284.648 -33.2108 287.857 -7.10011
1 6966 19845222 -873.573 -229.895 690.263 415.494
1 7667 21840411 -461.083 -73.1939 385.352 159.693
1 9587 27310953 -897.603 -120.732 597.839 372.378
1 1176 3348328 -393.013 -101.38 221.687 34.7486
1 642 1827201 -551.53 -357.701 255.631 160.617
1 2958 8424311 442.65 97.1649 -236.726 -239.965
1 4113 11717649 -550.815 -356.848 519.689 63.8854
1 2639 7515692 293.707 103.324 -272.635 -82.2729
1 6454 18385035 -45.8175 -31.3661 384.569 268.84
1 5875 16735741 73.4506 47.7594 -178.53 15.245
1 7987 22752746 149.852 17.4243 -133.368 -56.8688
1 7987 22752853 678.318 149.85 -333.694 -113.43
1 7987 22754139 -743.446 -145.672 643.44 185.343
1 8415 23973320 -1038.94 -148.687 575.921 474.97
1 9817 27965373 161.94 40.7808 -110.086 -60.3814
1 9213 26245754 -283.279 -94.8507 93.0172 160.248
1 9302 26499867 124.606 -4.63579 19.1067 -1.9122
1 9754 27786027 566.665 54.0578 -245.33 -93.4403
1 555 1580016 -527.856 -411.822 680.204 189.982
1 2362 6728099 356.625 296.718 -704.926 -96.0874
1 7155 20382376 251.528 71.3697 -340.748 -19.5209
1 4671 13305435 755.563 142.241 -495.126 -387.599
1 5347 15232809 -358.193 -171.602 124.216 73.2821
1 9515 27105242 -55.3578 37.2021 -13.553 21.0198
1 975 2777285 896.262 108.624 -436.461 -131.163
1 3234 9212599 -647.737 -127.232 426.796 275.247
1 7407 21099610 387.821 40.689 -16.2375 -70.6409
1 7407 21101069 -808.687 -174.726 807.705 171.536
1 9225 26280007 889.446 183.124 -608.309 -167.995
1 9126 25998404 474.531 66.9982 -519.203 -149.258
1 2022 5758292 -1012.05 -261.197 1040.83 135.706
1 1239 3529094 793.181 172.701 -796.527 -84.2707
1 3918 11161424 -585.279 -140.72 669.36 64.2394
1 4353 12399608 -598.4 -206.716 545.206 73.2306
1 5203 14821751 -311.589 -360.774 508.253 75.1549
1 3306 9416226 -88.2204 -158.707 34.6162 -52.3479
1 3542 10090437 121.232 -23.1789 0.610199 -44.9499
1 3783 10776099 -823.213 -142.409 667.529 149.265
1 5023 14308472 767.399 337.585 -978.616 -119.202
1 6185 17620229 -266.03 -15.343 -45.1956 -34.8487
1 6841 19488149 530.913 41.1402 -433.066 -60.6772
1 7431 21170263 -631.014 -331.859 572.344 151.542
1 7942 22625810 -219.738 -1.6234 72.5303 54.9494
1 8298 23640138 -1032.97 -241.996 854.622 311.16
1 2964 8442262 49.4056 51.8742 -119.555 -63.6612
1 4122 11741283 381.682 224.962 -170.573 17.2523
1 4823 13739336 316.833 282.828 -420.043 -409.895
1 7880 22447344 856.232 107.34 -441.009 -456.742
1 7992 22766784 160.239 -19.618 -261.501 -57.236
1 2067 5886001 -811.291 -297.848 868.598 175.516
1 7282 20743379 -597.592 -112.601 527.697 75.1491
1 7282 20744102 804.603 441.407 -1085.68 -148.601
1 7826 22294897 -130.311 -22.2573 68.1107 24.0742
1 6726 19161345 744.039 81.6877 -311.361 -224.437
1 8072 22995431 458.287 411.523 -709.304 -116.04
1 8084 23028827 404.967 248.632 -347.987 -17.7355
1 3399 9681355 -1584.71 -332.342 949.134 794.917
1 2771 7893965 -362.806 -239.783 223.676 194.288
1 4742 13507278 593.988 46.4315 -218.144 6.05163
1 4742 13508973 286.078 151.352 -209.136 -206.237
1 3016 8590892 256.124 158.65 -328.03 -155.236
1 3602 10260699 685.594 123.451 -414.12 -266.348
1 6321 18006792 220.532 33.2225 -318.089 -11.8658
1 6382 18179387 67.9832 30.4503 -105.781 -90.6123
1 6457 18395542 -604.489 -432.791 693.269 127.664
1 7402 21085601 715.021 247.188 -450.883 -346.765
1 7486 21325737 850.474 138.658 -515.648 -146.717
1 7493 21345995 -152.211 -19.7347 297.222 20.5342
1 7762 22110890 -387.288 -87.8946 360.256 124.302
1 490 1393452 1678.47 235.86 -1097.26 -414.745
1 2909 8285867 813.67 87.6923 -466.253 -179.28
1 3089 8800056 -113.031 -33.9942 98.3585 13.8997
1 4574 13030010 -252.631 -78.2565 181.104 100.326
1 10005 28502601 -619.462 -479.577 871.985 217.764
1 10106 28790941 -580.139 -541.154 1014.46 114.197
1 4985 14201539 625.431 85.5361 -536.451 -85.1847
1 2935 8360361 607.504 214.224 -348.304 -282.092
1 3039 8655822 -160.576 -58.3409 86.9825 105.135
1 3370 9599869 901.587 76.2155 -778.61 -147.736
1 4532 12909961 -261.412 -97.1211 310.634 59.0484
1 5967 16997852 -616.826 -276.164 810.039 90.8193
1 5967 16997930 -566.448 -98.2325 641.766 146.461
1 5967 16998318 231.677 185.486 -303.027 -140.615
1 6290 17918033 -414.417 -43.6904 447.642 146.535
1 6320 18003826 324.848 145.857 -437.726 -49.1091
1 7636 21753781 561.294 558.398 -927.697 -125.735
1 8740 24897981 413.398 235.278 -268.59 -94.9451
1 9553 27215413 380.891 321.474 -519.602 -141.078
1 9553 27215474 -228.564 -77.7562 267.073 14.7391
1 2314 6591380 -165.333 -9.42198 272.427 53.8818
1 4053 11545225 -15.0012 -3.69678 85.364 -21.1985
1 4962 14133675 -40.4414 -10.1785 120.588 17.6234
1 4962 14135690 313.688 305.709 -320.784 -212.142
1 5126 14601142 723.972 132.876 -346.472 -361.202
1 7984 22743350 -1076.52 -209.708 1197.27 147.86
1 8073 22996941 798.097 100.275 -714.708 -146.888
1 8284 23598070 -17.0065 -12.9612 -341.14 -90.4067
1 727 2071206 710.017 105.431 -501.983 -73.8452
1 4798 13667944 -884.266 -165.19 847.32 148.461
1 9155 26079701 -578.27 -416.353 864.992 103.869
1 9155 26080547 402.556 160.262 11.2681 -33.0244
1 4421 12593377 1040.65 170.694 -517.099 -77.7091
1 4475 12747869 -974.968 -117.351 661.276 261.479
1 4306 12267169 333.644 295.486 -350.145 -205.035
1 5220 14868766 930.709 168.056 -892.568 -133.675
1 5801 16524729 -187.838 -29.2463 268.765 78.1622
1 7618 21701985 745.425 596.726 -801.682 -262.344
1 6155 17533310 -554.599 -209.71 407.914 78.5646
1 6421 18290685 -948.582 -117.991 652.226 230.105
1 7916 22550413 -809.806 -188.583 642.752 284.341
1 6565 18701686 946.364 259.163 -544.723 -463.692
1 8294 23628001 170.108 -9.95133 480.718 91.8583
1 8584 24453939 537.571 457.676 -746.686 -238.589
1 984 2802873 778.604 111.876 -431.598 -181.8
1 1781 5072708 -192.9 -118.252 266.094 177.745
1 2562 7296554 850.913 163.701 -464.201 -88.6999
1 2013 5733727 553.824 155.26 -351.366 -124.077
1 3561 10144953 -595.034 -116.443 115.982 118.637
1 6729 19167745 1114.27 176.645 -744.669 -140.809
1 6586 18762860 354.483 127.51 -328.779 -228.723
1 7084 20179287 594.788 240.836 -427.335 -148.262
1 6433 18325745 -336.861 -83.5 227.721 54.5013
1 6433 18325965 824.078 89.5615 -844.72 -120.535
1 7921 22565826 349.309 28.7957 -155.089 -154.815
1 7932 22596112 -74.5241 -100.366 62.5651 25.0434
1 9474 26989295 602.514 163.182 -682.734 -103.661
1 4268 12157597 -388.225 -90.3797 597.812 80.9918
1 1358 3866687 128.521 32.6762 -83.2327 -80.0945
1 2250 6408979 -320.641 -233.077 347.847 102.181
1 1951 5556154 531.991 336.556 -625.86 -156.492
1 3966 11296674 -866.774 -191.197 860.746 184.323
1 5905 16821356 -811.318 -77.5662 707.043 86.6042
1 1853 5276822 -145.074 -65.3307 168.476 11.2801
1 1870 5327300 490.919 164.06 -494.114 -167.906
1 4156 11837715 -211.633 -19.1412 -84.543 -103.183
1 4261 12137652 553.991 147.285 -528.204 -127.227
1 7689 21905509 236.919 29.9005 -191.43 -42.989
1 5577 15887046 745.526 483.622 -694.13 -444.852
1 9086 25883999 -440.061 -222.749 542.551 71.2548
1 1247 3552588 -317.268 -50.1076 510.247 91.4228
1 1329 3784655 145.177 60.7888 -406.855 -262.696
1 1464 4170432 756.589 201.963 -585.936 -318.555
1 1634 4655014 809.618 89.2812 -631.761 -119.906
1 5359 15266344 -63.505 27.9984 227.551 85.6344
1 2350 6693673 -566.337 -367.84 762.659 135.868
1 2791 7950389 437.398 168.52 -131.783 -40.2278
1 5569 15863029 253.871 120.61 -171.875 -153.485
1 4029 11475733 777.703 389.767 -942.958 -115.186
1 5282 15046095 639.601 329.784 -306.401 -43.6293
1 5509 15694705 558.689 124.717 -328.47 -80.0828
1 9731 27722891 189.703 101.045 -131.678 -168.635
1 5779 16461218 624.651 104.548 -488.042 -198.904
1 8107 23095600 -427.209 11.2835 76.655 38.8492
1 8115 23117984 812.215 134.683 -522.591 -72.3038
1 9728 27712796 645.359 208.316 -645.808 -127.494
1 5079 14469337 824.718 163.884 -565.601 -322.746
1 5114 14569335 649.688 322.454 -604.412 -409.621
1 5434 15478787 -602.546 -357.668 663.947 186.144
1 6538 18625696 687.026 399.817 -446.731 -340.354
1 7151 20372041 81.0176 -14.1278 -90.0447 12.1671
1 8131 23164619 -520.623 -334.913 437.455 66.6581
1 8227 23437634 -325.319 -246.114 512.476 48.0382
1 2282 6499272 -922.015 -308.515 627.152 529.661
1 4178 11902797 -627.892 -156.092 420.089 119.514
1 5897 16798023 1289.08 887.172 -1153.21 -903.096
1 7564 21548233 -658.858 -460.333 995.529 110.508
1 7157 20388350 679.453 271.03 -789.55 -89.1759
1 8144 23199335 341.154 271.626 -243.66 -84.6397
1 9755 27788813 477.156 29.6221 -380.421 -70.1779
1 9764 27814710 917.701 168.425 -888.478 -150.953
1 9764 27816283 885.783 138.722 -862.041 -112.333
1 8729 24867298 -113.512 -60.1077 144.211 63.6862
1 8729 24867626 -66.964 -34.3389 106.513 57.9114
1 9892 28179792 41.3864 -41.7761 50.5572 -9.35468
1 5990 17064825 -557.649 -210.07 646.407 152.211
1 3586 10215575 605.058 434.865 -672.685 -272.164
1 3660 10425602 -365.546 -136.774 333.86 57.7225
1 4202 11970079 -309.645 -16.3541 276.383 8.73094
1 4251 12109072 294.855 84.962 -289.017 -127.593
1 4402 12540745 -436.939 -340.192 471.399 231.142
1 5471 15584461 -332.618 -231.99 346.26 42.9786
1 5899 16804473 -237.114 -95.6984 176.243 -3.51268
1 9084 25877075 889.979 127.164 -568.237 -362.441
1 9197 26201088 -107.84 18.4479 429.087 9.71685
1 1366 3891461 -552.668 -263.401 426.76 188.649
1 1428 4066164 -381.207 -66.1648 317.087 92.4398
1 2653 7556584 649.284 170.69 -565.693 -289.444
1 2347 6685566 -565.034 -100.48 161.184 88.2044
1 2719 7744016 186.621 150.995 -288.077 2.57972
1 3447 9817578 440.372 124.098 -322.703 -80.9807
1 3537 10076476 745.123 79.5063 -424.857 -63.9453
1 3627 10331153 -87.4219 -3.69271 -216.313 -37.5272
1 3650 10397451 688.334 335.254 -458.939 -310.03
1 3815 10867363 -285.35 7.55167 194.681 146.901
1 4166 11867528 -736.528 -124.707 698.558 196.612
1 5316 15142628 -1202.31 -132.701 780.054 184.848
1 5473 15591492 498.265 99.651 -305.246 -213.644
1 5488 15634158 46.2107 -53.4459 105.629 47.7916
1 8814 25107816 -400.149 -53.6082 144.357 0.954745
1 2406 6852605 -235.221 -81.3755 587.516 123.064
1 5978 17029279 796.439 175.625 -767.97 -144.673
1 5947 16941129 -644.175 -328.859 411.718 94.4823
1 1588 4523881 -0.569382 11.3171 -258.378 -244.204
1 2466 7023548 684.328 158.531 -525.847 -86.1958
1 3478 9906284 -386.842 -66.1813 206.005 49.8451
1 8909 25380928 347.617 71.5847 -145.707 -156.263
1 748 2129250 123.621 78.8997 -327.453 -140.295
1 1562 4449318 457.98 115.881 -373.844 -139.488
1 1802 5131705 649.766 146.189 -522.712 -239.747
1 2873 8184245 650.307 308.421 -452.473 -130.995
1 2943 8383421 960.658 148.048 -793.807 -103.451
1 2943 8384267 -23.466 16.4321 -48.1254 -36.8084
1 3318 9450889 689.764 186.461 -554.084 -153.139
1 3318 9451446 748.985 407.038 -660.801 -440.946
1 4706 13405882 -772.787 -129.984 566.157 108.46
1 8640 24613994 83.5612 31.4743 -21.867 -54.764
1 1168 3326186 -507.122 -337.908 264.364 83.3634
1 4472 12738725 -843.217 -201.41 826.898 112.663
1 4472 12739311 -547.521 -208.052 430.876 126.451
1 6216 17706333 543.57 155.612 -171.115 -208.964
1 6242 17782335 910.242 137.986 -835.491 -133.509
1 7611 21680642 -989.549 -201.155 245.258 54.6621
1 7868 22412833 -454.749 -93.4914 510.323 48.6407
1 8458 24096350 -568.8 -519.426 470.868 360.402
1 9844 28044064 565.751 290.076 -720.392 -102.857
1 851 2422250 -696.477 -368.079 579.477 435.058
1 2910 8289008 496.664 143.11 -387.773 -148.044
1 5825 16592800 -46.5022 -88.5252 79.2335 41.8329
1 6122 17438866 269.549 111.113 -171.54 -42.7268
1 6346 18077370 305.582 123.91 -116.193 -109.382
1 6829 19454997 772.527 136.575 -676.369 -75.3489
1 8210 23388395 265.592 8.00886 108.613 48.8618
1 8125 23146666 -785.797 -154.633 404.72 258.475
1 8734 24880520 606.758 67.5415 -195.098 -25.2637
1 9393 26757910 -834.209 -129.689 452.952 129.527
1 304 865230 -504.38 -328.062 577.684 122.36
1 762 2169058 916.281 125.86 -940.292 -107.857
1 762 2170227 -1007.82 -157.546 635.666 403.924
1 1147 3266903 630.425 302.509 -416.101 -252.292
1 1078 3068889 -145.516 -221.473 175.644 96.79
1 1078 3070256 -194.948 -23.9713 -37.3114 59.8132
1 1082 3082011 -528.116 -130.413 506.289 124.819
1 1814 5166900 497.392 271.949 -508.967 -215.728
1 6128 17456540 -110.359 -77.5864 390.261 79.4031
1 6435 18331066 389.792 182.808 -383.696 -74.9035
1 6435 18332717 -216.333 -81.3537 357.339 255.491
1 6947 19791369 1207.93 162.259 -574.672 -424.279
1 3020 8603284 17.0224 84.9507 -51.6979 22.86
1 9551 27209057 -184.013 -78.148 215.53 89.321
1 10034 28584621 824.81 314.267 -887.107 -255.527
1 773 2201022 -557.704 -86.2896 364.527 204.703
1 1819 5182047 -652.87 -290.675 800.045 100.732
1 3740 10654856 -275.631 -218.414 502.431 165.169
1 8709 24811300 -303.212 -16.6589 211.48 52.1948
1 9066 25827937 800.589 194.701 -576.608 -134.189
1 845 2405974 -665.503 -261.383 377.9 124.346
1 6960 19826048 754.134 142.977 -769.49 -123.24
1 4829 13756935 42.6209 66.4532 -107.73 -14.6814
1 6126 17452197 -590.618 -167.048 352.882 81.2009
1 6646 18932420 736.2 320.544 -769.249 -145.331
1 7384 21036475 201.274 128.77 -167.328 -48.347
1 3102 8837089 -471.082 -256.86 280.338 222.086
1 3179 9055069 -655.294 -364.944 737.303 160.981
1 4667 13293484 -200.179 -86.3776 535.407 28.1311
1 5004 14255919 -523.908 -64.0524 491.144 97.4645
1 9251 26354441 501.4 159.259 28.9059 -73.4058
1 10062 28665574 -115.53 -161.728 281.328 67.3558
1 962 2738670 -755.869 -183.961 547.929 79.5431
1 962 2739139 232.488 112.42 -291.459 -88.381
1 963 2742289 -979.103 -153.935 845.279 194.024
1 965 2749200 -454.018 -114.967 450.491 99.9236
1 2494 7104955 -266.214 -77.0894 65.8613 30.9985
1 4085 11635307 299.919 -5.32997 -230 -22.9904
1 4700 13389407 797.665 239.796 -504.943 -110.606
1 3576 10186235 -649.052 -82.8764 566.607 76.1201
1 3680 10482488 -864.208 -168.125 846.06 134.626
1 5139 14640037 737.635 178.373 -517.154 -372.882
1 9653 27500020 -270.402 -159.207 263.553 167.524
1 9425 26849013 749.03 264.619 -863.885 -113.836
1 7281 20741963 681.285 187.871 -518.699 -47.9631
1 8403 23937442 615.958 224.024 -431.162 -114.029
1 969 2759528 -1074.53 -208.729 915.428 201.319
1 3788 10790532 887.512 137.884 -770.99 -220.663
1 5871 16723679 -452.045 -152.836 290.183 154.372
1 5876 16739935 749.903 149.891 -574.453 -380.573
1 5199 14811313 -560.839 -317.395 491.927 270.914
1 712 2027783 343.223 81.0954 67.7961 -57.1923
1 857 2440047 -296.67 -39.0608 189.856 48.4621
1 4886 13919829 -719.884 -185.7 626.357 255.713
1 4939 14069799 -825.567 -140.215 603.318 363.572
1 4885 13916421 543.508 118.069 -103.926 -74.8981
1 4887 13920459 -510.9 -324.793 520.083 168.265
1 5317 15145606 895.64 165.923 -427.61 -223.52
1 2355 6707267 -315.233 -294.424 560.506 181.139
1 2414 6876021 -229.43 -94.7239 331.427 2.43704
1 2414 6877111 214.943 234.651 -545.305 -78.9304
1 3272 9320990 -10.7211 -54.6444 119.322 23.2819
1 7570 21565404 887.939 197.924 -769.093 -115.571
1 2289 6521162 -384.251 -143.689 351.684 162.42
1 3533 10063886 333.65 145.212 -226.896 -266.723
1 4204 11976929 -956.188 -101.86 431.726 376.923
1 2973 8469685 -151.031 0.579495 -55.5814 -67.4664
1 3255 9273065 -608.146 -99.2024 515.95 226.401
1 3974 11320933 -710.036 -103.762 440.129 88.8907
1 8897 25346205 -393.149 -382.43 322.425 68.1331
1 9601 27350499 -631.626 -359.751 522.161 137.47
1 2125 6053866 127.38 7.9751 -34.4008 -3.44044
1 2542 7239341 642.614 52.9614 -202.952 -14.2036
1 2542 7240887 -1052.17 -280.289 1104.34 154.002
1 4278 12186632 -641.38 -540.173 189.415 155.723
1 5371 15300579 417.54 215.824 -645.373 -106.144
1 7752 22084445 -804.151 -166.288 437.389 64.44
1 8280 23588887 -411.221 -43.6357 220.932 32.7945
1 8269 23555340 293.046 62.0743 21.7678 -21.5756
1 8248 23495512 790.229 96.7548 -598.597 -117.896
1 8873 25277314 -401.41 -173.399 115.94 14.152
1 8876 25284885 620.027 256.455 -499.762 -272.786
1 5773 16445834 -591.921 -256.235 655.238 187.869
1 5772 16443602 -750.394 -208.777 500.322 458.984
1 2142 6101389 -432.243 -85.6997 163.853 84.6592
1 3308 9423412 -343.26 -73.8629 341.316 91.5215
1 5120 14584611 1177.91 286.686 -830.75 -234.947
1 5283 15050241 732.601 105.169 -228.471 -120.879
1 5852 16671682 442.956 198.248 -462.347 -206.142
1 5853 16674314 491.006 316.706 -653.854 -120.746
1 8715 24827257 710.001 87.116 -362.086 -269.582
1 8829 25152366 -844.736 -145.223 276.479 105.807
1 9139 26034976 -122.412 -21.2348 138.413 11.5208
1 9139 26036422 -417.137 -118.878 214.552 138.962
1 619 1763401 457.904 77.2038 -489.433 -48.0444
1 855 2434970 -448.928 -206.647 543.648 103.869
1 7959 22673809 -860.19 -222.483 807.825 181.087
1 6690 19056850 33.3185 91.9867 -114.531 -8.5179
1 5353 15249256 -908.982 -157.196 381.034 99.2302
1 1723 4907153 -261.998 -39.6561 231.243 151.747
1 8849 25208224 -575.184 -128.941 604.091 92.9169
1 8955 25510658 -411.355 -398.257 327.004 11.4475
1 8997 25629433 -636.915 -73.0465 422.889 196.411
1 9097 25914703 359.563 218.393 -466.403 -66.5893
1 9481 27009842 617.283 273.438 -524.504 -44.2508
1 9481 27010028 -941.161 -166.631 767.173 312.022
1 9095 25910496 877.461 151.859 -753.168 -233.331
1 8532 24305724 -1043.71 -315.124 881.29 264.841
1 6942 19775117 -773.101 -93.7877 618.326 118.439
1 7456 21241162 659.136 338.014 -587.087 -388.438
1 9326 26567833 -598.75 -537.376 568.75 232.857
1 9392 26756040 -331.324 -212.94 287.595 245.865
1 783 2228366 850.549 116.058 -578.105 -429.264
1 784 2231005 642.772 101.194 -430.753 -431.167
1 3892 11086851 -752.676 -98.3941 598.884 157.495
1 2739 7801600 -487.462 -238.524 653.653 112.842
1 3147 8964735 907.679 223.392 -959.406 -143.505
1 3323 9464597 948.821 203.016 -862.26 -192.898
1 4393 12514520 -401.105 -207.832 260.588 242.749
1 4118 11730757 -1007.15 -191.47 863.939 281.53
1 5492 15645929 733.31 194.857 -762.649 -127.759
1 5870 16720800 -766.668 -83.1428 651.294 148.821
1 5826 16595853 -660.515 -169.128 553.727 146.642
1 7773 22142672 -103.572 -20.0833 6.698 37.3471
1 7886 22464980 682.286 67.6335 -462.425 -131.331
1 4546 12950012 764.644 418.334 -669.368 -445.453
1 1112 3166796 18.9594 47.6732 -14.1582 -42.3032
1 2207 6286902 -600.07 -221.165 125.049 62.4988
1 7146 20357712 704.592 194.395 -582.555 -128.852
1 7171 20427108 412.709 324.389 -650.994 -69.0987
1 4836 13776528 998.343 146.723 -969.439 -138.615
1 7662 21827596 -443.9 -447.522 695.728 160.208
1 8691 24758398 -537.593 -185.846 -82.3747 2.51278
1 9339 26605050 275.319 84.1317 -222.947 -57.2728
1 1328 3780699 1089.14 120.985 -756.962 -360.638
1 1705 4856640 -518.487 -197.264 333.84 189.637
1 2651 7550532 284.427 287.98 -570.041 -89.5389
1 3408 9706555 34.9427 30.7969 149.304 -20.8764
1 3968 11302498 925.005 286.439 -876.932 -167.068
1 4265 12150501 754.705 92.3119 -525.603 -301.218
1 6015 17135229 -832.992 -317.144 558.505 175.658
1 5948 16942926 -437.45 -193.039 -172.867 -12.6163
1 3786 10785787 180.47 55.5643 -182.789 -29.9584
1 3681 10484747 981.314 246.207 -542.86 -91.4915
1 4117 11726667 -439.124 -426.323 99.5132 132.685
1 5040 14356239 -427.764 -106.512 218.499 27.2553
1 5045 14371944 -174.367 -87.2281 71.5304 5.66843
1 6044 17216699 899.493 200.673 -725.916 -67.89
1 7036 20043261 -301.728 -32.4461 270.16 30.0521
1 1031 2935861 410.841 229.447 -520.805 -76.542
1 1757 5003518 384.84 39.0748 -295.867 -51.2419
1 4915 14001459 342.155 55.2501 -343.203 -163.155
1 5702 16242289 650.404 335.803 -478.386 -180.542
1 9411 26810040 765.181 241.431 -782.596 -143.895
1 2837 8081427 1085.22 247.179 -1100.91 -277.688
1 6598 18797331 565.61 284.311 -463.121 -414.67
1 8680 24727788 -382.95 -244.397 404.224 142.446
1 8680 24728352 -780.411 -217.477 502.577 395.864
1 9525 27133343 -487.15 -181.333 307.153 57.1326
1 4943 14080823 91.8675 -5.47007 100.303 67.4837
1 4943 14082009 643.393 381.488 -769.085 -235.322
1 4943 14082140 428.46 419.599 -628.045 -176.675
1 5450 15524018 17.2745 -49.299 -413.861 -80.2591
1 5618 16003379 -424.897 -288.348 590.81 66.7493
1 5728 16316657 -313.693 -195.107 113.053 57.0633
1 9740 27746227 -348.642 -134.231 484.767 58.1101
1 8479 24153730 244.286 60.0879 42.8946 -44.7977
1 1004 2859602 -290.711 -273.889 540.706 94.0078
1 6445 18358618 -13.1846 54.1054 -194.797 -62.6939
1 9789 27887089 770.067 581.749 -662.948 -269.682
1 9789 27887875 139.477 60.1884 23.8067 -96.285
1 2334 6646726 394.624 343.023 -479.045 -277.171
1 3884 11064373 -653.732 -64.015 479.98 76.1405
1 4135 11778028 -187.571 -151.12 -197.515 -73.3035
1 5085 14485288 857.129 173.128 -848.955 -261.487
1 5085 14486205 -314.385 -136.093 3.08819 -71.0869
1 5101 14531858 -1139.52 -161.398 789.208 187.176
1 2210 6294345 -410.534 -121.381 312.824 156.474
1 4026 11467187 -915.039 -240.228 230.292 16.7364
1 4035 11493420 856.731 150.198 -503.905 -317.93
1 4244 12090106 819.363 142.358 -438.466 -52.2868
1 5153 14679365 540.829 129.813 -432.406 -106.705
1 8721 24843771 60.5258 72.0425 -185.998 -53.9144
1 9877 28136393 -662.734 -147.035 637.452 230.393
1 10015 28529759 773.788 81.4776 -604.409 -195.678
1 10017 28535748 0.836396 -34.5429 118.831 215.517
1 4588 13069268 857.697 105.329 -795.748 -161.654
1 4588 13069516 -388.137 -376.129 426.678 70.1312
1 5756 16398426 -301.736 -0.322929 148.246 47.7774
1 7628 21730339 209.216 3.72862 -164.354 -22.5854
1 5674 16164418 -687.567 -54.6076 684.419 59.205
1 2451 6981574 -644.985 -230.289 285.44 92.1766
1 5516 15714678 -322.342 -102.372 129.886 -5.4746
1 9744 27757774 -42.9084 38.1396 -106.418 34.2445
1 9685 27589396 566.498 486.023 -816.967 -244.233
1 9685 27589867 -566.584 -81.1905 523.548 177.189
1 9861 28091327 157.412 -0.522614 -160.16 -36.7799
1 2559 7288604 759.343 204.543 -875.444 -134.736
1 2757 7853344 -550.963 -194.186 561.887 156.399
1 2767 7880871 724.58 259.076 -735.875 -246.45
1 4426 12607448 -193.715 8.05052 -140.895 5.35986
1 9514 27103674 367.581 286.479 -396.938 -233.531
1 6914 19697193 -236.738 -136.493 320.855 241.487
1 7075 20154746 37.7891 -49.8675 -11.3719 54.5848
1 7816 22266513 -137.55 -25.6554 248.63 7.09567
1 1302 3706757 -615.558 -148.314 420.665 190.632
1 2028 5775422 -550.06 -128.856 -374.979 -17.0231
1 2028 5777510 89.2222 76.7843 -213.766 -28.9746
1 5454 15537282 -876.027 -89.1449 371.69 285.138
1 10012 28521326 363.07 93.7902 -388.73 -62.3269
1 7578 21588581 -685.345 -139.535 505.589 281.944
1 1828 5206247 -655.471 -102.625 433.998 274.794
1 7624 21719639 -651.42 -101.841 508.059 173.344
1 8443 24053157 -196.208 -90.9074 204.479 75.6863
1 8750 24926956 -741.311 -86.904 393.284 71.403
1 8943 25477963 -3.39343 -33.3308 -250.339 -118.738
1 8988 25605981 -552.107 -210.269 645.037 133.892
1 9092 25901997 -77.6367 -68.1745 371.667 231.28
1 2464 7019176 50.6993 69.7917 8.758 -0.402046
1 2404 6847803 -332.851 -110.843 62.7796 1.02044
1 2404 6848658 -263.265 -159.9 326.687 40.3217
1 2292 6527283 -506.701 -346.303 576.016 74.5254
1 3439 9796630 687.957 178.479 -491.078 -301.104
1 3494 9952975 115.19 37.5807 -85.5794 -58.292
1 9499 27061480 -248.324 -66.8825 196.534 42.3807
1 9207 26227935 -29.5983 22.176 58.5454 26.1604
1 9207 26229951 -194.735 -26.1214 -107.2 28.5153
1 9057 25802110 524.285 394.957 -315.838 -154.49
1 9247 26343384 -223.745 -36.7358 94.3497 112.561
1 8922 25417649 548.34 102.368 -434.44 -282.576
1 9177 26144638 651.05 116.061 -389.794 -147.978
1 8435 24028301 721.01 264.531 -764.703 -139.536
1 8753 24936237 628.594 308.372 -675.92 -259.399
1 149 423957 489.379 344.151 -345.571 -25.5448
1 1677 4776107 -267.411 -108.362 590.019 61.9849
1 2537 7227671 -586.318 -377.725 551.151 136.636
1 1707 4862668 -575.525 -197.207 328.35 264.251
1 1667 4748776 407.486 98.3782 -56.6455 23.7788
1 1867 5318892 -698.17 -207.97 364.161 183.148
1 2419 6889093 674.444 118.027 -532.998 -267.957
1 2419 6889702 -517.393 -370.265 728.49 169.464
1 7595 21635379 -606.032 -389.359 815.727 96.9499
1 8872 25273576 -40.331 -40.053 32.9627 33.2438
1 1362 3879477 800.197 124.251 -494.644 -362.777
1 2468 7028974 -884.924 -249.94 765.474 289.466
1 3490 9942777 -106.829 -66.0002 74.5668 87.183
1 2652 7553009 -682.505 -149.942 632.467 168.204
1 2678 7629451 -666.473 -312.65 731.368 89.0457
1 6005 17106687 1.39375 -16.4429 35.3212 73.6996
1 7565 21550318 247.926 252.876 -335.821 -164.08
1 7565 21550507 -278.144 -69.1051 392.969 73.2061
1 6011 17123109 245.011 161.569 -162.174 -179.992
1 8041 22906629 -372.6 -213.238 321.437 159.898
1 8041 22907817 229.952 275.127 -203.033 -76.8136
1 8877 25289398 46.7796 59.3777 -142.735 6.77171
1 252 717076 -832.109 -163.913 738.873 62.3844
1 253 720470 -225.14 -59.1305 136.634 -10.8386
1 2410 6863313 512.187 235.476 -223.388 -18.3774
1 2859 8144557 519.151 50.831 62.6281 23.7634
1 2794 7957227 953.926 656.561 -987.653 -361.973
1 3241 9231447 954.173 612.65 -877.372 -102.429
1 4253 12116364 -38.4964 28.6466 297.56 81.2039
1 9634 27444551 -694.832 -198.099 625.497 296.627
1 294 837630 355.558 273.159 -443.794 -58.4503
1 577 1641152 717.365 98.2247 -126.503 -123.506
1 577 1643518 673.001 138.614 -712.794 -93.9715
1 1577 4491902 224.086 112.574 -274.916 -57.3293
1 1580 4500368 332.481 93.0033 -472.395 -79.9379
1 2467 7027127 -301.632 -22.8762 275.364 39.7147
1 289 822902 -1028.79 -128.678 858.745 98.8434
1 1466 4175755 326.764 11.3804 -317.944 -14.5084
1 3281 9344937 -687.106 -116.124 579.945 250.654
1 2724 7759130 1276.33 229.415 -1124.16 -214.018
1 3639 10365019 -2.51045 42.3573 -58.0172 -37.0642
1 5951 16953757 -579.907 -267.866 286.286 48.4046
1 4143 11800952 305.107 107.547 -388.979 -109.109
1 9263 26389365 455.5 109.645 -555.629 -57.7474
1 182 517783 497.546 460.194 -300.172 -256.239
1 182 518007 -38.0002 41.16 185.658 87.2144
1 1557 4435382 449.424 15.3114 -199.53 -77.3478
1 2434 6932630 498.59 210.873 -444.769 -64.3488
1 7944 22629698 415.275 223.505 -635.381 -41.6611
1 1573 4481069 -262.679 -3.4956 263.267 16.0069
1 317 902228 300.859 303.263 -455.852 -151.986
1 514 1461715 348.628 55.4626 -27.514 -60.6699
1 752 2140994 -669.328 -128.404 717.495 77.3845
1 4613 13139653 929.951 214.868 -591.952 -453.456
1 3738 10646898 -196.728 -191.569 269.575 112.963
1 3738 10648829 -99.4248 12.8177 195.167 73.6695
1 2818 8026314 -798.721 -140.563 584.47 256.414
1 3500 9970053 -804.453 -276.128 599.033 205.731
1 5496 15657757 -690.32 -351.004 563.433 311.33
1 6119 17430121 -803.951 -472.221 896.424 319.369
1 326 927422 -828.44 -101.169 95.646 51.4323
1 547 1557963 -1202.18 -254.893 1082.97 349.148
1 1242 3537235 -662.359 -161.705 372.352 173.881
1 721 2051657 619.223 391.395 -881.528 -103.886
1 2820 8033819 225.117 151.009 -232.945 -66.578
1 2867 8167025 143.477 78.1562 109.225 6.94288
1 1228 3498205 -274.25 -33.8364 -13.4537 51.4679
1 2318 6603222 -1082.4 -262.774 592.078 92.1273
1 3212 9148616 -447.229 -288.602 282.002 306.425
1 2504 7131678 -17.4278 0.73403 307.207 61.784
1 2743 7812657 653.074 417.274 -545.854 -161.033
1 3085 8786674 -342.429 -25.6314 267.16 156.638
1 2688 7655635 683.967 179.418 -541.71 -64.6921
1 4562 12996483 -1073.72 -136.049 1035.6 124.946
1 4057 11557844 -239.194 -145.791 286.788 74.2676
1 5940 16921834 679.811 65.3667 -624.08 -134.956
1 5495 15654503 559.489 274.361 -481.953 -313.227
1 948 2700572 -610.894 -401.897 342.552 244.821
1 3235 9214188 445.518 137.803 45.2579 76.5743
1 9471 26980534 -23.4011 35.7566 -133.386 -8.70397
1 505 1436583 -239.52 -2.56401 181.804 62.6917
1 1872 5331193 236.644 -9.10253 114.044 97.3277
1 1872 5332667 -957.932 -236.462 413.987 423.004
1 2242 6385319 560.676 123.405 -374.059 -80.8845
1 2242 6385381 -364.112 -111.064 344.638 318.449
1 3623 10321206 -493.115 -191.059 586.362 103.727
1 3264 9298877 -592.994 -194.541 673.004 110.709
1 4153 11829220 -68.1216 15.8085 61.1681 32.657
1 7692 21911282 -754.552 -115.064 347.937 106.403
1 7692 21913266 511.509 61.8198 -519.911 -114.473
1 186 528150 -260.793 -145.659 410.709 210.73
1 301 857398 510.855 459 -408.651 -177.705
1 4566 13006360 961.008 199.186 -545.272 -463.739
1 2663 7586620 -487.544 -108.554 273.508 97.4614
1 2951 8406605 751.891 124.295 -639.924 -74.5001
1 6168 17571704 437.206 193.615 -386.463 -69.467
1 7127 20302922 59.2615 -5.36502 179.127 -17.1052
1 8167 23266108 298.294 67.1927 -256.838 -67.7211
1 7545 21494210 826.109 181.165 -413.217 -195.357
1 8078 23012977 438.678 341.96 -551.184 -70.7971
1 8078 23013498 -292.059 -72.7473 357.04 159.667
1 8151 23221120 166.3 77.5542 -113.923 1.92899
1 8170 23274543 444.933 260.148 111.683 84.0854
1 1668 4751774 -541.108 -134.52 567.428 93.4121
1 4373 12457878 -314.828 -238.613 450.439 36.9646
1 9260 26380439 -340.374 -102.375 413.999 109.598
1 437 1243873 -478.546 -372.513 687.395 278.621
1 877 2496837 -574.833 -215.538 592.185 122.775
1 3908 11132446 273.952 48.8183 -337.145 -94.2084
1 2433 6929245 462.913 114.043 -371.935 -143.836
1 4525 12891076 -430.668 -246.055 350.028 341.775
1 3501 9971809 -881.026 -171.601 857.315 100.547
1 4434 12631871 420.636 18.0734 -247.273 -159.342
1 5328 15177035 767.339 200.789 -798.809 -153.573
1 6937 19760361 116.311 58.5829 -61.5183 -6.79945
1 6937 19760543 649.591 335.098 -463.841 -296.176
1 6803 19380732 -326.516 -128.354 311.218 162.187
1 8659 24666593 -428.256 -165.309 459.839 64.4728
1 5244 14937591 -443.861 -150.484 507.894 329.629
1 9152 26071367 330.298 15.5178 -391.318 -63.8231
1 9152 26072360 264.219 98.1874 -571.548 -58.9705
1 9232 26299460 496.931 238.946 -381.712 -361.077
1 9346 26624769 454.129 220.012 -183.022 -90.7682
1 6681 19031524 190.635 35.601 257.227 89.0306
1 9301 26495883 312.215 163.701 -359.933 -225.894
1 9301 26496315 -481.567 -410.574 485.169 210.728
1 9526 27136304 535.159 132.131 -423.963 -320.935
1 9526 27137687 -653.588 -181.39 484.451 268.136
1 9812 27953306 -1061.07 -196.043 993.598 139.072
1 9570 27261647 588.013 319.527 -449.135 -259.651
1 30 83100 988.742 137.576 -624.983 -348.601
1 7251 20656617 -150.15 -88.3791 -112.073 -6.58998
1 2658 7570092 618.643 479.639 -700.701 -196.288
1 4884 13912267 -184.243 -32.5176 226.52 227.545
1 4884 13913447 1099.38 197.317 -992.122 -144.559
1 7497 21357638 -981.474 -217.279 651.184 501.113
1 8413 23966667 -447.523 -166.284 381.945 180.507
1 9972 28408249 619.671 197.749 -341.244 -278.901
1 9974 28412616 -189.193 -186.303 12.1929 -4.57795
1 9974 28414780 282.464 7.43729 -242.814 -43.0956
1 2661 7581014 403.686 19.021 -502.166 -28.49
1 9961 28376173 271.599 136.927 -294.015 -14.7606
1 9145 26051110 322.022 106.068 -316.563 -142.479
1 8973 25561332 104.469 -6.06688 -100.113 13.9376
1 2914 8301744 -815.705 -231.195 691.4 321.149
1 6523 18582116 440.732 63.8531 -290.213 -176.735
1 6978 19878443 -847.953 -221.423 791.362 259.172
1 7716 21981753 716.36 114.204 -272.008 -180.693
1 2919 8313295 -620.258 -118.599 509.73 205.014
1 2986 8506813 -487.425 -320.948 358.644 157.639
1 8507 24234776 -1495.06 -132.024 1084.87 209.406
1 5441 15498353 -347.299 -30.6035 296.434 -0.0416978
1 5651 16097790 1014.59 147.703 -1015.95 -174.818
1 9922 28264660 522.681 272.955 -397.464 -51.1561
1 5687 16199196 733.048 97.0499 -448.253 -28.5839
1 5886 16767586 405.907 164.277 -195.49 -121.902
1 6260 17832022 465.503 386.911 -672.887 -156.104
1 6988 19907342 81.8822 110.081 -118.657 -38.5206
1 10051 28632926 610.624 77.2936 -258.358 -236.532
1 10051 28634272 -621.691 -69.1876 520.783 123.325
1 4967 14150164 -803.789 -195.999 652.424 298.515
1 2484 7076437 536.606 559.412 -763.966 -138.911
1 2509 7145832 -378.349 -297.623 2.7719 -8.41615
1 3162 9007885 -584.851 -280.577 743.425 101.954
1 7400 21080057 71.0888 -1.24326 45.6259 -28.407
1 4028 11474758 -185.51 -168.24 198.758 139.189
1 4028 11475414 -529.092 -212.338 676.744 80.5342
1 4024 11462077 51.8385 115.144 91.8524 15.0985
1 3098 8825206 -308.788 -4.10887 285.144 72.2691
1 5257 14974779 -702.576 -170.714 475.006 226.887
1 10178 28995591 -299.133 -113.051 348.402 107.825
1 9681 27579242 -537.345 -251.562 274.424 281.045
1 681 1937397 -185.637 -121.332 79.894 42.366
1 2425 6906409 207.761 47.7456 -118.677 -9.46726
1 2544 7245736 447.576 68.0209 -282.405 -204.981
1 2645 7534264 -169.877 -94.9648 230.628 26.6286
1 2645 7535060 466.063 357.473 -435.413 -112.755
1 3991 11367350 202.183 123.833 -330.833 -2.46509
1 4305 12263115 34.2815 -14.6377 202.171 27.4569
1 4305 12263374 -773.788 -285.004 608.43 339.58
1 5571 15869822 229.723 -5.39696 -126.014 -13.8255
1 9643 27469542 -167.915 -5.59811 95.5503 -1.2268
1 9643 27471821 -507.758 -37.4331 124.292 10.3361
1 9264 26391908 1287.99 806.638 -1664.36 -360.542
1 9272 26414939 -650.147 -402.261 634.289 279.697
1 1401 3989130 431.472 51.2619 -420.632 -114.697
1 2044 5822033 638.359 312.541 -391.418 -296.917
1 2680 7633668 -615.263 -155.864 602.526 107.722
1 2801 7977840 829.927 128.831 -640.82 -121.714
1 2643 7528387 -176.017 -44.0788 195.636 131.991
1 8907 25373310 -801.981 -96.3304 649.204 184.865
1 41 115435 -632.817 -96.568 506.827 192.589
1 5451 15528321 -255.313 -125.015 300.71 45.9196
1 5931 16896426 -112.555 -55.1411 57.2235 57.7363
1 5405 15397103 -696.811 -528.265 677.667 252.823
1 8609 24524042 -944.566 -124.484 528.165 502.286
1 8835 25168884 709.826 348.792 -540.874 -430.05
1 9906 28220531 -312.991 -91.8795 337.217 99.3742
1 9300 26493830 -426.162 -69.7825 442.915 42.4217
1 9840 28032647 -563.638 -61.7003 451.266 81.3556
1 1832 5217509 1082.58 232.211 -879.143 -409.139
1 1836 5229218 193.547 49.6957 -367.104 -69.3603
1 916 2607586 -928.88 -205.616 234.068 104.447
1 1645 4683807 -651.941 -406.689 919.673 169.294
1 2364 6733928 -856.436 -200.964 550.726 290.514
1 6597 18794225 -262.903 -49.6364 183.995 67.3206
1 6385 18189663 239.035 128.104 -236.856 -122.207
1 8375 23857879 704.927 303.389 -810.056 -136.589
1 8375 23858353 603.246 167.185 -660.76 -185.91
1 8378 23866856 -567.846 -155.129 643.418 80.8848
1 8378 23867212 760.357 107.109 -778.853 -181.803
1 500 1423333 -727.016 -98.0878 567.611 223.542
1 1502 4278295 -705.308 -270.945 557.763 116.539
1 1398 3981036 -700.515 -101.99 307.356 62.2844
1 3290 9371911 -887.395 -293.721 651.302 92.368
1 5479 15608912 417.475 304.937 -438.229 -210.824
1 4132 11770722 393.273 208.539 -589.223 -110.699
1 3823 10890953 -820.318 -144.842 401.671 339.896
1 4131 11768611 793.108 92.9847 -635.832 -147.666
1 4286 12210297 -316.393 -184.117 322.994 132.498
1 4294 12233144 -428.704 -293.512 630.174 89.9778
1 549 1562389 -543.032 -261.686 445.695 193.229
1 738 2100821 455.866 370.525 -319.756 -57.9835
1 4526 12893160 -386.898 -341.79 410.495 167.538
1 6458 18396407 -654.65 -358.209 578.786 453.191
1 4471 12735366 -544.138 -252.589 663.47 187.286
1 6582 18750139 322.978 192.045 -459.593 -62.8156
1 5329 15181405 -509.604 -193.406 626.729 111.075
1 6418 18282151 -593.167 -76.812 535.471 111.049
1 3142 8948687 -836.151 -399.444 678.913 107.24
1 3142 8950642 416.639 202.598 -628.048 -86.6233
1 3301 9403358 -608.805 -234.307 549.352 286.72
1 6299 17943257 911.027 260.019 -613.324 -101.754
1 6319 18000124 1042.04 298.297 -612.127 -233.337
1 6354 18102102 51.0633 44.879 9.39319 -21.0641
1 6383 18184104 404.61 183.348 -432.796 -92.9057
1 3785 10782271 -646.762 -544.274 897.017 97.1142
1 4507 12839010 777.256 232.083 -482.079 -320.757
1 4611 13134347 43.2134 -53.1379 -58.0555 48.2471
1 5956 16966231 782.892 147.461 -473.753 -149.052
1 4852 13821703 623.085 300.16 -427.607 -282.491
1 6759 19253937 -835.272 -193.339 792.331 296.09
1 6871 19573080 -597.896 -484.149 324.222 187.47
1 7677 21869149 429.534 102.904 -269.417 -22.8668
1 8172 23279529 577.579 246.327 -391.225 -182.709
1 8633 24592526 -673.073 -307.393 777.669 196.275
1 8633 24593246 -523.064 -84.1466 423.299 63.5024
1 8648 24637613 -411.863 -156.782 462.791 86.6687
1 9652 27495217 -392.418 -75.948 582.064 159.73
1 9658 27514589 -671.541 -67.6676 568.994 176.547
1 889 2530785 -411.636 -68.0291 352.008 135.745
1 747 2127100 158.096 62.3091 -238.673 -248.216
1 1765 5027058 -456.137 -361.478 526.93 209.294
1 5432 15473650 -870.436 -229.287 862.711 219.804
1 6287 17908613 511.58 64.6875 -112.795 -49.8304
1 6276 17878699 -478.344 -301.591 583.193 246.607
1 6283 17898864 119.088 112.426 6.23116 -42.9705
1 6560 18688700 1014.29 165.964 -869.059 -274.624
1 7269 20706502 -374.81 -308.857 449.582 284.671
1 7357 20959105 -819.228 -124.697 569.864 180.663
1 7417 21130023 -620.129 -299.008 638.826 95.5237
1 7418 21132164 677.032 99.7757 -554.685 -79.3473
1 7424 21147845 -304.191 -14.4624 167.004 26.3547
1 7549 21505176 -295.78 -301.516 573.512 32.5529
1 4413 12569901 846.556 169.823 -617.398 -394.769
1 3083 8780549 -764.135 -370.381 803.781 265.398
1 3870 11024202 -332.64 -21.574 301.778 17.2483
1 5099 14526633 711.866 186.013 -862.021 -155.864
1 6566 18704820 638.228 412.198 -515.669 -442.398
1 7221 20571352 39.5897 -80.3977 -181.359 -71.8101
1 7131 20314369 -446.769 -293.885 658.415 54.3194
1 429 1221811 556.572 75.2628 -61.5871 27.7819
1 839 2389275 644.834 168.749 -465.49 -150.691
1 4482 12768517 -317.829 -104.604 386.857 55.7247
1 1923 5475811 919.215 124.682 -740.155 -222.75
1 2521 7179761 -506.424 -405.166 588.479 183.475
1 3742 10660323 -191.1 7.66365 75.3402 -41.4148
1 8595 24485110 -714.874 -403.337 795.073 110.984
1 145 411925 -654.707 -247.027 418.636 422.622
1 1858 5292404 -215.862 -88.7259 -93.6373 -50.1761
1 1251 3563376 -169.942 -102.92 153.006 177.386
1 4247 12098069 -119.402 11.6872 122.348 49.6933
1 1432 4079022 -138.108 -125.319 -143.166 13.0785
1 8274 23571581 809.25 204.915 -602.501 -412.392
1 5975 17021131 -291.868 -21.0357 239.025 125.394
1 7750 22078559 -798.454 -98.4061 581.946 166.158
1 1370 3900362 514.956 451.928 -816.152 -155.371
1 3242 9235306 319.206 147.683 -296.314 -104.464
1 3242 9235878 -427.693 -236.526 452.336 112.358
1 3248 9250938 729.204 117.57 -452.685 -361.268
1 7562 21543275 654.507 118.198 -683.674 -133.441
1 7605 21664495 552.508 373.984 -763.999 -100.912
1 9510 27092275 285.912 167.97 -158.205 -121.298
1 427 1216384 650.144 99.5716 -599.908 -107.729
1 5835 16622728 -26.5813 38.1633 27.1987 -24.6357
1 1007 2867199 494.611 202.704 -503.906 -180.502
1 1007 2867474 -548.161 -102.511 497.879 111.335
1 4528 12898818 202.452 65.2563 -214.201 -62.3281
1 4528 12899650 -540.376 -209.326 661.06 76.6257
1 2875 8190378 -773.254 -180.453 821.013 103.131
1 2378 6772379 -549.008 -115.227 272.732 103.478
1 2822 8037990 394.054 83.875 71.3944 -16.9338
1 2252 6415763 -327.141 -270.681 529.654 51.1042
1 2765 7874696 -641.195 -365.407 365.879 56.8091
1 3743 10662990 -588.864 -347.344 470.483 453.395
1 562 1599854 784.019 90.6305 -701.467 -154.939
1 557 1584533 -744.243 -148.773 367.676 322.02
1 836 2380375 -764.798 -207.749 580.081 272.804
1 556 1581581 1122.03 246.828 -934.783 -114.663
1 1164 3314422 -782.166 -276.75 521.281 101.691
1 2134 6079598 22.1697 -13.325 -9.89168 -9.97709
1 2601 7409413 -1021.75 -201.536 850.201 381.958
1 3038 8653684 840.174 127.221 -858.054 -124.96
1 2712 7725445 -741.693 -191.054 401.282 214.845
1 4565 13003809 252.284 227.214 -349.972 -103.645
1 5089 14495565 -196.736 -22.2715 71.0399 87.854
1 5499 15665722 -485.415 -281.727 676.06 145.343
1 6806 19387201 -358.615 -323.562 213.454 161.645
1 2338 6658485 -940.148 -118.8 790.166 261.072
1 5682 16187163 1233.55 150.774 -1036.63 -136.866
1 5706 16253767 -661.452 -139.174 559.955 96.2894
1 7016 19985743 305.912 63.0574 -595.813 -68.9421
1 7096 20214927 -862.337 -126.54 467.425 453.378
1 9028 25719904 -673.61 -429.536 719.335 325.009
1 401 1139767 -759.265 -88.8192 748.063 114.356
1 2141 6098707 366.839 41.4569 -323.935 -95.4094
1 3553 10120691 659.612 231.905 -428.024 -373.727
1 7071 20142649 -471.239 -339.264 451.397 73.2808
1 599 1705895 68.266 130.449 -54.9361 -50.3163
1 599 1705983 -93.1714 27.4918 -103.534 7.91861
1 599 1706144 -999.289 -277.016 792.878 161.924
1 2215 6310122 -177.487 -58.459 445.445 91.2953
1 1028 2926937 167.442 131.043 -96.0134 37.6385
1 4012 11427225 -19.3972 -51.4285 7.52022 -40.3165
1 7655 21806045 721.656 286.136 -435.086 -128.99
1 5002 14249342 -449.837 -501.082 697.211 92.1626
1 5398 15375955 747.212 600.492 -509.688 -338.783
1 7447 21213666 127.84 73.9947 -115.599 9.0457
1 7652 21798162 414.207 222.481 -386.757 -108.647
1 8483 24164740 -462.672 -406.141 560.381 255.167
1 1296 3691338 899.151 153.75 -620.863 -404.332
1 1297 3692775 78.2708 84.6959 -34.2862 9.78427
1 4075 11607201 -753.08 -98.1446 585.003 268.505
1 2575 7335822 -755.618 -247.325 715.729 140.127
1 4888 13923870 699.102 92.1994 -413.591 -186.505
1 9352 26642958 -440.227 -8.24629 333.079 67.8069
1 1919 5464994 -165.459 12.5176 23.9773 -34.5949
1 1919 5466184 304.958 54.9499 -489.577 -68.7466
1 4981 14188771 -1147.34 -158.526 881.178 250.173
1 4984 14198579 -333.634 -98.7404 213.637 153.187
1 8429 24011075 689.981 94.9008 -398.105 -56.0587
1 9169 26120055 793.676 113.771 -629.089 -88.2948
1 9169 26121222 -947.5 -231.946 888.288 148.897
1 9174 26133885 425.374 207.793 -444.357 -64.442
1 9174 26134652 -819.177 -136.157 643.683 234.15
1 1797 5117757 344.06 219.374 -259.237 -297.822
1 6918 19706314 507.668 234.537 -530.888 -169.802
1 2064 5878241 682.83 419.079 -900.983 -97.8852
1 2443 6958656 -507.013 -290.209 460.54 28.0224
1 2498 7114607 -789.458 -95.1915 702.04 196.321
1 1681 4788584 -288.301 -186.925 282.776 64.4483
1 1473 4195333 -710.155 -416.289 693.012 338.371
1 2596 7393286 -260.665 -88.8165 489.357 42.395
1 4513 12856269 -437.137 -55.7447 204.619 136.594
1 4519 12872914 -434.219 -132.494 313.67 38.7768
1 8122 23136768 778.164 91.2145 -759.935 -102.436
1 8173 23282795 729.93 127.102 -475.297 -344.495
1 10026 28562899 -489.549 -116.28 482.874 66.764
1 526 1498388 1143.17 165.569 -978.356 -195.493
1 533 1518237 672.919 176.263 -413.277 -93.1203
1 1196 3404602 -657.113 -149.626 567.432 75.8606
1 1196 3404790 253.167 -13.2463 -92.3492 13.783
1 475 1352127 -661.104 -115.66 307.571 282.142
1 6451 18376917 -1076.41 -221.221 604.176 536.69
1 1493 4252072 -727.161 -135.131 722.524 80.3649
1 1493 4252693 479.42 86.9434 -422.071 -113.826
1 2183 6217619 701.517 66.1448 -223.747 -33.2474
1 2183 6219073 420.093 170.881 -410.259 -119.08
1 2937 8366080 -292.607 -237.992 122.112 86.3182
1 6615 18844517 942.52 170.815 -978.72 -113.68
1 4662 13280853 -216.188 -44.9657 45.2613 -20.5278
1 1601 4560815 -943.906 -180.912 830.797 272.879
1 1813 5164952 11.8254 55.323 -57.7504 32.3963
1 2902 8265196 -199.866 -204.708 -141.996 2.35811
1 3456 9843128 217.182 39.1108 -534.564 -71.0291
1 3794 10808622 -662.672 -325.564 566.071 397.275
1 3801 10826489 -514.244 -507.504 508.265 118.711
1 6125 17447369 -107.511 -53.9176 109.123 -30.1357
1 161 457823 -689.892 -241.587 503.808 299.035
1 195 554897 45.6817 17.0518 -1.83995 -59.2895
1 436 1240663 621.116 127.056 -571.223 -176.253
1 1190 3387877 -345.789 -262.357 477.691 253.239
1 1386 3948603 -390.02 -98.6776 559.155 52.1005
1 1392 3965431 660.536 129.307 -370.574 -264.235
1 4707 13407947 -599.177 -162.108 623.227 173.243
1 8005 22805468 -422.94 -96.3817 410.727 137.293
1 613 1746322 295.677 69.2843 106.164 83.0992
1 1158 3296585 583.977 149.03 -473.47 -35.3645
1 1158 3299027 678.282 405.324 -789.616 -84.663
1 2785 7933431 322.388 38.4827 -357.683 -12.2986
1 3784 10778233 -274.065 -79.8033 303.107 67.1188
1 6846 19502373 765.616 296.768 -565.842 -160.746
1 2438 6945042 419.809 79.114 -444.561 -154.942
1 2694 7674728 -395.429 -216.548 249.738 330.249
1 3831 10913746 608.54 414.633 -850.266 -185.882
1 4538 12927734 388.014 12.4917 -327.962 -36.7165
1 6413 18269075 74.5885 147.421 -79.4754 -34.3333
1 6092 17355392 -619.701 -236.407 677.769 145.998
1 5538 15775596 -619.406 -200.086 524.407 254.447
1 8089 23043067 639.958 96.3231 -580.849 -77.8488
1 8089 23044955 717.445 178.001 -488.1 -133.945
1 6391 18206537 586.22 206.981 -407.405 -205.288
1 3066 8733342 -1066.7 -122.987 862.26 226.967
1 3965 11295260 -734.86 -121.056 612.547 139.508
1 5710 16267108 690.717 79.5834 -485.649 -160.32
1 3322 9462637 95.5853 34.2644 -380.237 -141.093
1 3322 9462709 -650.134 -199.26 529.666 138.69
1 6049 17231225 -725.443 -194.636 634.536 292.916
1 6074 17304353 -334.696 -204.99 105.509 -33.1245
1 6224 17731245 -888.712 -47.3525 713.954 168.964
1 6502 18522009 -277.784 -80.5746 330.596 54.5225
1 6059 17261589 -85.1753 -0.928334 -86.0788 -53.453
1 7298 20790626 -508.015 -447.226 850.132 109.157
1 10085 28730500 963.071 147.913 -574.403 -123.727
1 10134 28868821 493.689 459.353 -428.383 -261.023
1 5154 14680829 571.254 160.556 -326.908 -334.233
1 3073 8753211 736.04 146.849 -703.066 -106.462
1 4004 11405424 542.842 439.017 -558.856 -250.224
1 4329 12330448 799.901 129.459 -473.355 -90.318
1 4789 13641479 703.17 152.318 -537.234 -355.698
1 5729 16321098 -954.941 -135.155 695.065 220.087
1 9802 27924933 178.949 16.7615 -382.919 -41.9661
1 1644 4681302 -638.673 -240.714 415.858 253.55
1 2843 8098959 -508.538 -251.143 264.366 183.671
1 3843 10947697 1124.31 167.384 -781.77 -357.963
1 3849 10963851 779.351 100.976 -863.762 -111.727
1 6274 17872972 -462.532 -100.053 105.822 108.94
1 7262 20686195 178.456 49.2347 -234.404 -29.2032
1 7262 20688339 72.5539 52.8822 12.0331 -87.5349
1 7845 22349423 -171.84 8.33874 452.754 129.568
1 1014 2888244 -718.134 -98.4104 571.607 282.363
1 4531 12906055 -152.828 -100.934 229.292 60.2107
1 4630 13190053 -494.29 -210.14 608.486 42.2937
1 4314 12289789 483.252 335.245 -675.46 -170.771
1 7420 21138868 -743.17 -190.423 646.904 181.911
1 7558 21531676 926.964 154.06 -784.901 -264.898
1 8031 22879504 -421.26 -80.4583 392.275 142.966
1 1831 5216358 560.466 109.989 -440.175 -109.732
1 7193 20489686 -767.318 -111.675 732.522 95.8953
1 2970 8459108 -733.781 -234.033 764.935 131.674
1 2970 8459864 -600.413 -211.85 594.114 77.8963
1 4849 13811835 -877.002 -214.806 794.701 253.704
1 4858 13839841 -92.7845 -19.8196 -136.083 -47.3949
1 7732 22026184 167.637 40.3182 -221.668 -18.7434
1 7548 21502551 -409.749 -264.28 306.166 149.355
1 8096 23062999 474.005 46.3521 -474.603 -109.811
1 7980 22733825 676.004 262.846 -730.044 -247.983
1 8079 23014874 -662.155 -174.622 856.347 95.4516
1 399 1133972 155.006 112.632 -210.062 -42.5345
1 1097 3124374 41.2757 108.439 62.5496 -29.3631
1 1980 5639211 619.004 599.317 -1150.32 -185.19
1 2896 8248522 582.483 510.954 -692.797 -222.059
1 3019 8599872 523.132 172.926 -494.478 -114.536
1 3496 9958387 -515.569 -149.22 254.592 212.347
1 3559 10138545 -64.2623 20.299 154.087 31.5693
1 3698 10533583 -649.081 -182.318 380.339 149.446
1 3765 10723732 -548.394 -396.516 654.629 149.442
1 5561 15841264 259.834 78.8862 -256.788 -50.5216
1 6055 17247626 818.467 192.331 -821.812 -179.353
1 7047 20073892 543.107 103.438 -421.717 -149.204
1 9451 26923237 -276.689 -21.322 105.759 76.426
1 89 251544 -451.05 -180.267 476.985 130.053
1 379 1078495 681.355 119.21 -162.543 -27.5779
1 382 1087860 -638.068 -149.524 681.549 81.0906
1 3687 10502515 -320.6 -154.639 353.81 111.778
1 3687 10503248 941.978 149.109 -543.61 -386.611
1 3317 9449030 663.835 324.803 -772.571 -79.7028
1 2631 7494272 -284.939 -42.7308 265.068 111.878
1 2882 8209274 -761.17 -230.179 544.203 439.635
1 6045 17220953 452.265 208.499 -389.983 -254.688
1 5879 16746955 -382.642 -251.972 456.357 86.6852
1 5734 16335324 689.142 393.233 -631.185 -518.084
1 6107 17396148 294.021 45.2998 -200.173 -96.0699
1 6136 17480575 -524.408 -44.4687 -356.349 -25.9645
1 6281 17894149 -344.1 -129.4 251.33 210.616
1 6401 18234611 -586.353 -542.57 798.589 264.76
1 6665 18988100 417.384 62.5258 -220.879 -183.792
1 6840 19484460 -90.9825 -59.2834 113.537 30.9098
1 6928 19736361 -181.743 -111.923 -41.2127 -40.5583
1 439 1248564 125.529 76.4729 266.725 30.677
1 346 983207 -516.772 -47.1988 306.711 68.1787
1 909 2587385 -114.33 21.793 -62.961 34.2728
1 6472 18435755 -614.419 -275.76 816.479 146.206
1 6648 18938418 -816.395 -195.56 665.233 245.401
1 6711 19117742 -471.137 -177.864 346.121 225.357
1 7523 21432465 -19.0152 -35.1195 55.0101 -44.0278
1 99 279500 536.822 134.373 -388.527 -62.7823
1 1126 3205475 -743.586 -620.326 774.53 467.184
1 5817 16569860 -661.642 -401.581 804.657 96.0611
1 5817 16570611 1013.1 160.23 -625.322 -322.081
1 8551 24359621 -589.123 -463.116 455.619 78.0037
1 8890 25326316 322.554 223.847 -615.266 -120.728
1 9935 28304023 -412.989 -101.083 279.459 314.54
1 9195 26195359 -878.596 -214.174 623.878 256.071
1 10092 28750192 -561.843 -128.514 518.892 314.004
1 7891 22479612 852.32 98.6832 -730.616 -185.859
1 7897 22495270 -895.477 -348.042 915.086 144.02
1 8023 22856284 -368.56 -115.127 497.949 67.6738
1 8086 23035248 -592.192 -201.667 509.751 240.224
1 8091 23048881 381.741 74.1736 -327.867 -152.202
1 8099 23073465 274.507 80.2109 -218.04 -107.315
1 8216 23404616 482.077 365.343 -654.24 -211.702
1 9588 27313472 -718.753 -97.7105 278.051 197.014
1 10031 28575328 543.978 155.295 -157.389 -48.891
1 10125 28842811 751.853 326.764 -485.611 -157.506
1 9714 27673181 -935.706 -160.786 665.063 137.484
1 5202 14820163 -203.547 -7.64435 353.82 41.9565
1 7960 22677071 -1103.04 -131.521 1038.32 135.294
1 1959 5580549 437.002 117.754 -222.378 -156.504
1 3620 10312241 33.3776 -22.2152 -22.0017 88.3386
1 2982 8492991 -46.9839 36.6748 108.686 -15.3508
1 3535 10069422 153.291 30.8098 -144.97 -53.0773
1 3595 10239629 572.086 451.4 -653.362 -444.562
1 3618 10305680 -173.331 -215.313 314.943 68.7744
1 1664 4738259 -697.925 -169.942 720.821 138.815
1 2405 6851202 -588.388 -431.972 827.074 173.601
1 3472 9889277 -260.461 -227.799 253.54 135.019
1 5324 15166201 -606.021 -126.596 688.272 129.033
1 5463 15562620 846.084 119.653 -795.356 -110.846
1 4398 12527299 -878.866 -197.837 533.377 496.896
1 8956 25512576 689.998 293.954 -759.423 -141.212
1 133 377661 358.043 80.2346 -391.062 -60.9196
1 133 377905 753.983 104.086 -615.019 -57.2191
1 1427 4063584 -120.562 -43.3683 167.876 4.87519
1 1431 4076118 544.525 100.224 -332.071 -368.726
1 1438 4096424 -654.718 -140.638 460.18 93.6965
1 1964 5593734 -159.814 -41.588 249.356 99.3419
1 3450 9826377 658.348 60.8055 -64.468 -66.9245
1 5429 15466081 243.52 133.174 -276.527 -47.8615
1 8869 25264645 -977.434 -120.347 449.159 81.1427
1 591 1681540 662.123 182.179 -707.295 -93.5638
1 576 1639117 -544.054 -129.928 376.247 130.79
1 1706 4858132 -413.164 -275.242 388.714 320.41
1 2093 5962668 920.771 195.153 -628.66 -126.341
1 3298 9394181 -643.603 -235.795 254.377 71.9179
1 3637 10359843 76.0358 14.5258 -322.56 -42.6294
1 5573 15875929 389.722 231.137 -351.904 -183.399
1 8575 24428826 366.657 105.535 -301.485 -124.989
1 9089 25891272 -765.001 -185.779 671.498 107.213
1 244 694996 663.402 74.4536 -409.607 -21.4196
1 683 1943822 -593.359 -244.777 365.508 62.8904
1 501 1424746 793.351 175.967 -671.576 -222.691
1 4209 11990425 41.6764 86.8896 175.304 125.046
1 4325 12319706 625.919 501.667 -602.864 -155.675
1 4238 12073189 817.218 113.952 -315.692 -165.926
1 5395 15368416 -185.588 2.975 -157.515 -11.9542
1 8524 24283766 40.7337 -29.2039 52.351 84.1185
1 5840 16636609 -250.876 -25.5578 110.873 165.046
1 9108 25945671 -871.603 -144.91 536.927 134.439
1 9458 26943660 -745.548 -319.743 826.992 170.736
1 9158 26088965 -952.672 -287.072 803.263 164.283
1 9158 26089663 474.763 148.387 -471.591 -114.386
1 9158 26089809 245.627 33.5371 -339.573 -31.7863
1 694 1975384 -532.172 -201.122 572.79 99.1132
1 1417 4035353 -318.666 -207.236 212.976 175.763
1 6910 19684055 -664.645 -204.966 428.718 437.441
1 8297 23636000 306.79 109.116 -345.365 -68.6363
1 8494 24196082 -621.356 -185.985 653.517 187.878
1 8494 24196749 550.455 216.358 -300.293 -301.747
1 3412 9718875 -461.085 -58.4555 453.772 237.479
1 7153 20377368 -684.317 -180.106 507.586 134.087
1 6912 19689506 335.039 154.725 -421.914 -77.4151
1 8501 24216562 1193.66 202.299 -999.568 -327.193
1 9571 27265894 522.292 111.348 -524.771 -63.2234
1 8522 24278295 982.833 175.381 -848.22 -222.243
1 9579 27289689 728.374 291.274 -581.872 -332.503
1 3597 10245151 -595.523 -406.645 499.033 408.128
1 4177 11899442 674.067 135.215 -444.395 -313.974
1 4129 11762573 261.843 94.4832 -279.681 -80.6965
1 5381 15329319 92.7039 45.2325 -459.746 -31.6439
1 7563 21544751 465.536 425.501 -611.732 -177.081
1 9257 26371801 1419.18 381.392 -892.057 -735.761
