run lumi event CSV_j0_sj0 CSV_j0_sj1 CSV_j1_sj0 CSV_j1_sj1
1 2116 6283757 0.222993 0.0874317 0.397247 0.0923778
1 44042 130809638 0.101501 0.0603405 0.166378 0.197618
1 68446 203296391 0.30034 0.191715 0.187855 0.364454
1 30549 90735257 0.0737276 0.182512 0.195057 0.0956595
1 15456 45906826 0.0935598 0.181528 0.05824 0.0740472
1 31208 92692214 0.101542 0.165345 0.247811 0.2583
1 29362 87208550 0.187166 0.0936199 0.129917 0.15865
1 52795 156808334 0.261952 0.362082 0.0928672 0.166285
1 48317 143508018 0.202191 0.0623168 0.162799 0.163049
1 63586 188859088 0.143118 0.173888 0.311757 0.190284
1 66511 197548294 0.271164 0.0970869 0.129049 0.0957349
1 72182 214391411 0.194144 0.414773 0.0968939 0.0995495
1 62678 186162482 0.166854 0.154981 0.437001 0.272244
1 52981 157359807 0.424588 0.147036 0.0902251 0.0850975
1 29510 87647793 0.0610183 0.364999 0.0919898 0.149908
1 10438 31001828 0.205596 0.231271 0.181172 -10
1 51213 152108690 0.184679 0.203412 0.191553 0.0758013
1 35812 106367006 0.0782762 0.349492 0.336697 0.311327
1 69017 204990529 0.104222 0.0859284 0.164859 0.410047
1 57913 172009567 0.130066 0.411659 0.303216 0.244644
1 13676 40617953 0.0840569 0.0868048 0.116227 0.124943
1 69750 207166683 0.449621 0.300047 0.0774439 0.287141
1 25647 76175073 0.0924901 0.292678 0.183614 0.0941031
1 55087 163616276 0.434278 0.0647805 0.0803893 0.069067
1 35578 105671165 0.205039 0.0832061 0.297655 0.0812135
1 21215 63012697 0.0764675 0.0651413 0.11204 0.29973
1 38329 113842415 0.165486 0.13857 0.0641744 0.0790912
1 22815 67763354 0.0923475 0.0714718 0.447696 0.0912282
1 47529 141168439 0.333053 0.0897307 0.100522 0.149533
1 11915 35387402 0.159651 0.105049 0.111113 0.428597
1 18731 55632602 0.189935 0.258652 0.202369 0.167128
1 43338 128718964 0.190423 0.145441 0.0762244 0.151017
1 43366 128801825 0.212643 0.102739 0.20048 0.14504
1 50334 149499694 0.0495665 0.0899658 0.225621 0.102788
1 69880 207554366 0.0888366 0.2478 0.316689 0.15947
1 61817 183604672 0.250338 0.130751 0.0696033 0.152914
1 7203 21391977 0.0621977 0.144563 0.0843071 0.0882544
1 12531 37217854 0.245308 0.241989 0.0576567 0.08835
1 65412 194284240 0.127913 0.24965 0.311697 0.0799335
1 36722 109068109 0.14645 0.220726 0.358606 0.391249
1 43941 130510346 0.06586 0.0805349 0.377618 0.174653
1 61571 182875129 0.211395 0.253716 0.125893 0.0904187
1 57983 172219591 0.428993 0.19394 0.247508 0.241992
1 75235 223459332 0.221917 0.408991 0.197777 0.189695
1 58916 174989991 0.160751 0.137641 0.216327 0.0989361
1 58910 174970377 0.201113 0.0920522 0.370276 0.125055
1 58883 174890007 0.165361 0.110026 0.138671 0.0857857
1 62232 184838417 0.205266 0.179301 0.0974251 0.139837
1 60464 179587161 0.186981 0.148575 0.1987 0.213027
1 57514 170826141 0.0966656 0.243098 0.0702783 0.0677753
1 72381 214983716 0.233149 0.190331 0.0572 0.419452
1 67280 199830876 0.11813 0.211989 0.1058 -10
1 2072 6153373 0.309784 0.336142 0.129915 0.104024
1 1869 5550881 0.0648224 0.152551 0.316054 0.347589
1 49362 146613703 0.0880992 0.233376 0.111007 0.1168
1 51747 153695144 0.252402 0.0969062 0.13078 0.110726
1 72124 214220283 0.198052 0.107664 0.224469 0.113981
1 46067 136827227 0.0644164 0.109831 0.364468 0.178831
1 52556 156097736 0.108682 0.114981 0.34029 0.161988
1 67001 199001730 0.149579 0.365191 0.411812 0.14265
1 44390 131845469 0.274108 0.170179 0.434504 0.0676442
1 1712 5084353 0.0993248 0.344545 0.0773931 0.335765
1 29858 88682685 0.300759 0.0891654 0.358068 0.163847
1 67275 199816242 0.203573 0.176842 0.0924872 0.177835
1 29553 87774911 0.152835 0.290565 0.0697553 0.366069
1 44514 132213662 0.281121 0.178518 0.0793787 0.0639861
1 52751 156677186 0.0935545 0.191849 0.123127 0.241311
1 24734 73463992 0.183887 0.057571 0.291026 0.108491
1 59989 178174696 0.144761 0.0736436 0.400412 0.416665
1 63693 189178176 0.437177 0.0859971 0.135851 0.121712
1 64195 190667275 0.128185 0.248159 0.113674 0.081599
1 64195 190668807 0.220325 0.104881 0.237344 0.0844132
1 62155 184608923 0.125042 0.218011 0.123784 0.276674
1 28927 85917714 0.220949 0.219579 0.109763 0.189604
1 42234 125439637 0.287967 0.0906536 0.158994 0.181991
1 49130 145923171 0.159357 0.446577 0.234751 0.194722
1 52649 156376009 0.19557 0.186815 0.183527 0.120684
1 14612 43398427 0.389699 0.260174 0.43701 0.0694583
1 34934 103759835 0.234262 0.0871578 0.0826618 0.126896
1 25953 77085130 0.296563 0.0965982 0.244997 0.122707
1 43954 130549837 0.447777 0.0874394 0.115175 0.198526
1 30587 90847006 0.446005 0.217367 0.152232 0.0918265
1 23842 70814691 0.19358 0.273835 0.0575589 0.163688
1 36511 108443155 0.153427 0.0795017 0.371129 0.0659816
1 57002 169305042 0.169396 0.0758549 0.0985907 0.13056
1 21342 63387971 0.196434 0.0891842 0.321531 0.167606
1 36664 108897915 0.0836058 0.33384 0.0556977 0.154334
1 7557 22443555 0.0758193 0.121689 0.162191 0.0971164
1 39595 117603265 0.109533 0.290991 0.246031 0.355733
1 30555 90753479 0.0649462 0.111407 0.100903 0.2929
1 19249 57172112 0.109714 0.243212 0.398688 0.331914
1 1975 5865775 0.17968 0.294491 0.182872 0.130594
1 51837 153963856 0.435873 0.114483 0.116828 0.285082
1 46821 139066266 0.263164 0.115575 0.458628 0.109899
1 35001 103957573 0.178849 0.111452 0.178188 0.22507
1 14225 42248429 0.0678832 0.208439 0.180926 0.0780667
1 24726 73440084 0.120056 0.162464 0.0908034 0.316951
1 38773 115162074 0.083739 0.0631396 0.228806 0.233874
1 37520 111439337 0.243201 0.447559 0.0531832 0.382444
1 16731 49692596 0.150768 0.332278 0.439425 0.330138
1 53389 158573023 0.141022 0.131455 0.125359 0.0554728
1 58680 174288330 0.192476 0.0952389 0.0985979 0.0968467
1 61152 181630264 0.175351 0.136399 0.153761 0.06529
1 7878 23398046 0.265206 0.0970828 0.253468 0.122543
1 9980 29641279 0.106024 0.0831377 0.0996726 0.0870389
1 18294 54335903 0.0662105 0.192699 0.174005 0.363281
1 20200 59996322 0.382735 0.0771833 0.410113 0.0724721
1 17974 53383423 0.0699696 0.191642 0.383549 0.0845792
1 70094 208188728 0.0864615 0.157944 0.0841655 0.441949
1 27720 82331843 0.0563628 0.390912 0.124356 0.116385
1 3694 10970014 0.0635589 0.0718109 0.193866 0.0692604
1 8439 25064224 0.211414 0.110981 0.082821 0.1714
1 60863 180772018 0.0921554 0.455267 0.203942 0.194565
1 46229 137306555 0.181901 0.178256 0.208743 0.113685
1 20487 60849616 0.394889 0.391479 0.106525 0.413448
1 22420 66590172 0.155115 0.0882718 0.142206 0.315081
1 51476 152891961 0.153819 0.0865313 0.113144 0.080726
1 30634 90987465 0.173956 0.0586127 0.182317 0.248806
1 56640 168228184 0.395701 0.239999 0.0674268 0.109624
1 33682 100040454 0.0996545 0.118705 0.187819 0.176122
1 32560 96706788 0.213798 0.219234 0.367489 0.195397
1 33081 98254117 0.143133 0.112588 0.347119 0.0692328
1 17941 53286841 0.177459 0.330339 0.159008 0.100105
1 20214 60036311 0.1321 0.25751 0.0921785 0.111886
1 20132 59793540 0.113237 0.116952 0.185454 0.263003
1 20521 60950186 0.159581 0.26031 0.162308 0.139168
1 25191 74818770 0.407493 0.183855 0.0868377 0.236639
1 1099 3262812 0.162707 0.411292 0.104636 0.104104
1 73960 219671365 0.0894568 0.159216 0.0825802 0.304103
1 31160 92550601 0.267239 0.169697 0.276075 0.102873
1 23762 70576016 0.133816 0.135313 0.211693 0.161226
1 34102 101288145 0.169985 0.207895 0.247053 0.159615
1 41458 123135971 0.227953 0.0824933 0.190472 0.151207
1 35157 104420370 0.250549 0.113689 0.327167 0.235737
1 39577 117548805 0.269125 0.13249 0.352448 0.187803
1 39883 118458355 0.185926 0.0758437 0.255819 0.101317
1 48936 145347916 0.194248 0.171289 0.210844 0.1652
1 48897 145231799 0.0726921 0.141383 0.0891349 0.326508
1 48601 144350810 0.183388 0.105335 0.0895317 0.101796
1 25756 76497291 0.129511 0.110492 0.0582621 0.334722
1 51867 154052660 0.450831 0.316726 0.197631 0.300002
1 45445 134976962 0.216156 0.172813 0.1464 0.108311
1 49195 146116647 0.091528 0.0859279 0.1373 0.364679
1 41063 121962852 0.114865 0.102366 0.390302 0.0649306
1 31312 92999241 0.384378 -10 0.167384 0.106569
1 56961 169183667 0.205232 0.0868255 0.185802 0.271277
1 25454 75601821 0.45098 0.126058 0.359194 0.381672
1 42503 126238870 0.305228 -10 0.145109 0.196951
1 7040 20909017 0.112476 0.152204 0.116116 0.104926
1 7802 23173200 0.0961407 0.0900221 0.187913 0.0852854
1 14310 42502117 0.338795 0.195612 0.176823 0.121432
1 12632 37518536 0.208011 0.126066 0.334905 0.109658
1 43015 127759632 0.326537 0.239035 0.183476 0.0751031
1 12696 37708628 0.0588144 0.0935885 0.0702884 0.116429
1 58493 173734082 0.202119 0.4536 0.205655 0.302488
1 60593 179971287 0.11388 0.138463 0.180119 0.148775
1 14359 42647461 0.268848 0.219983 0.292959 0.0803933
1 8026 23836321 0.285898 0.102004 0.10448 0.0671143
1 57948 172113232 0.189607 0.184103 0.360473 0.173033
1 9114 27069637 0.0951363 0.138833 0.140805 0.103421
1 828 2457218 0.234528 0.223671 0.405441 0.235863
1 73556 218472720 0.124024 0.153617 0.403644 0.243431
1 73819 219253080 0.0494818 0.0583358 0.308377 0.163541
1 67580 200722123 0.142861 0.0983324 0.0637423 0.175853
1 68864 204535726 0.0719664 0.141498 0.114241 0.100172
1 385 1142864 0.450339 0.116323 0.0881163 0.193731
1 13901 41287051 0.456152 0.0530764 0.0963255 0.106546
1 32714 97165531 0.0796004 0.0967458 0.106332 0.201252
1 33159 98485593 0.20194 0.109222 0.258546 0.0913518
1 26118 77574838 0.23913 0.182611 0.229143 0.0713736
1 60896 180870220 0.156654 0.191625 0.0937118 0.129652
1 8600 25543061 0.192452 0.158457 0.195502 0.425051
1 8782 26081904 0.28724 0.137802 0.207658 0.140383
1 11421 33920777 0.171108 0.134691 0.0778731 0.0783597
1 75915 225479773 0.062114 0.186954 0.191893 0.415512
1 45656 135604776 0.121492 0.0856877 0.197216 0.0945847
1 55500 164842655 0.432496 0.160286 0.0920912 0.118121
1 69771 207229585 0.37017 0.0975815 0.318311 0.129464
1 75158 223230160 0.0672846 0.368873 0.238824 0.170889
1 19956 59272273 0.139435 0.155327 0.182491 0.348052
1 10734 31879197 0.337922 0.107808 0.32461 0.304781
1 42530 126320125 0.110901 0.266965 0.181747 0.320464
1 74935 222567654 0.315745 0.253084 0.446054 0.326603
1 76354 226784590 0.0799806 0.318331 0.309265 0.124877
1 42191 125313704 0.172827 0.143098 0.0822159 0.287114
1 51101 151778749 0.0982156 0.189163 0.0763592 0.15783
1 64107 190405665 0.182941 0.0714677 0.320867 0.065722
1 27698 82267686 0.362179 0.416082 0.456579 0.302309
1 43448 129047224 0.241893 0.0822626 0.0660438 0.238012
1 49260 146309913 0.374098 0.106612 0.148716 0.100372
1 46393 137793036 0.324611 0.0779805 0.084585 0.212564
1 71565 212558805 0.251402 0.0935407 0.325063 0.240753
1 76273 226542685 0.176035 0.0634985 0.0971082 0.297026
1 4763 14146155 0.0547074 0.139614 0.0952056 0.179001
1 73743 219027024 0.311138 0.15704 0.0617035 0.274686
1 9380 27858301 0.36569 0.084555 0.447909 0.317323
1 33557 99667609 0.0684142 0.340111 0.116085 0.387263
1 21601 64156008 0.0656511 0.23147 0.250976 0.175736
1 66833 198503969 0.177817 0.159138 0.235074 0.452129
1 75323 223720499 0.200847 0.0834373 0.0942787 0.144469
1 57748 171520359 0.210148 0.11277 0.285594 0.167731
1 57751 171528836 0.0706308 0.254696 0.109211 0.151159
1 4320 12830433 0.203899 0.257519 0.0712483 0.159166
1 71858 213428911 0.318909 0.208685 0.184126 0.144641
1 3417 10147643 0.212321 0.111744 0.167047 0.155412
1 13717 40740027 0.194577 0.066093 0.307211 0.250918
1 13717 40740670 0.0819855 0.130149 0.327328 0.147832
1 23973 71203484 0.0633506 0.198848 0.113743 0.299082
1 19912 59140045 0.203775 0.166288 0.095971 0.0798484
1 40788 121146091 0.0899769 0.0872017 0.0603773 0.11305
1 66599 197810528 0.111459 0.183996 0.169805 0.0802992
1 23976 71212566 0.249884 0.162559 0.246082 -10
1 71248 211616281 0.175328 0.134617 0.32263 0.0862798
1 68177 202494520 0.0497388 0.370642 0.340549 0.253703
1 5940 17642035 0.344746 0.126179 0.248133 0.153611
1 19734 58612562 0.212119 0.0873252 0.155455 -10
1 8537 25355025 0.0561847 0.246849 0.338562 0.182733
1 61783 183505878 0.177046 0.107285 0.322657 0.303439
1 69604 206733592 0.0854837 0.181321 0.183083 0.19389
1 887 2633150 0.39179 0.107843 0.154909 0.0954645
1 12188 36200030 0.0822528 0.180111 0.217536 0.156519
1 43883 130338449 0.368438 0.166612 0.155891 0.0796865
1 19601 58218480 0.144205 0.0640743 0.124582 0.452029
1 50076 148733029 0.441269 0.068967 0.0797498 -10
1 41241 122490258 0.412202 0.197056 0.154298 0.0942775
1 50290 149369130 0.223749 0.0547662 0.195308 0.31316
1 49285 146383250 0.165517 0.248262 0.194438 0.0922113
1 57439 170600994 0.162471 0.0779607 0.35172 0.0872254
1 20711 61512993 0.106195 0.397406 0.244709 0.0654478
1 60573 179909612 0.42511 0.228323 0.0566712 0.135837
1 65022 193124325 0.412068 0.110338 0.0630706 0.0838281
1 73849 219342499 0.120905 0.355415 0.228934 0.249999
1 75168 223259922 0.173208 0.338305 0.100412 0.0820559
1 64127 190468318 0.21815 0.317033 0.360736 0.263322
1 61002 181183679 0.250003 0.109417 0.137951 0.105428
1 61005 181195013 0.0714337 0.133434 0.366638 0.18781
1 62141 184567273 0.156449 0.220077 0.112925 0.113042
1 62141 184568707 0.242431 0.0717858 0.207173 0.232154
1 65018 193113495 0.277571 0.0851806 0.0789243 0.0842403
1 65336 194058768 0.0668345 0.0880224 0.416257 0.23822
1 70630 209782501 0.104672 0.0548758 0.0789911 0.0967054
1 28886 85793582 0.21966 0.120795 0.314551 0.116954
1 68919 204699111 0.227723 0.0866044 0.248433 0.142144
1 68919 204700021 0.0893831 0.110998 0.0774498 0.366431
1 29890 88775912 0.0967708 0.162063 0.15558 0.0818131
1 57918 172023676 0.160446 0.0669828 0.195111 0.180865
1 64659 192046545 0.193309 0.245242 0.433329 0.0818446
1 56419 167573999 0.413262 0.0604758 0.224014 0.153571
1 75144 223188083 0.282782 0.284749 0.0969865 0.0992939
1 62404 185347942 0.0733694 0.188829 0.267477 0.391296
1 33151 98463667 0.163909 0.115977 0.187495 0.206309
1 14688 43623658 0.0756433 0.25116 0.33743 0.149234
1 47850 142121712 0.141094 0.19626 0.297714 0.186269
1 7098 21080251 0.250417 -10 0.157976 0.0959937
1 13755 40853432 0.0736019 0.106839 0.287405 0.104405
1 37523 111447202 0.24241 0.0525419 0.131391 0.246278
1 13737 40799377 0.132464 0.165944 0.101637 0.135376
1 36102 107228153 0.426732 0.141311 0.154196 0.0958763
1 7800 23165693 0.234011 0.124303 0.073658 0.178483
1 7957 23631198 0.135564 0.176187 0.256407 0.191792
1 7958 23633882 0.158867 0.228909 0.433008 0.220857
1 40209 119427567 0.345891 0.0770737 0.178938 0.183984
1 23897 70976242 0.213931 0.158165 0.133066 0.416134
1 55044 163488678 0.315432 0.146376 0.193246 0.116461
1 8571 25455363 0.0958106 0.236871 0.184832 0.0652817
1 15084 44801445 0.0895151 0.0992574 0.30142 0.0726738
1 24085 71536087 0.116274 0.420772 0.244782 0.136399
1 28192 83733788 -10 0.411175 0.15402 0.12242
1 45349 134691625 0.171495 0.110603 0.159296 0.0930557
1 17017 50542728 0.259887 0.3751 0.0974771 0.13145
1 22592 67101065 0.124098 0.075568 0.24432 0.094202
1 10929 32458547 0.325557 0.0633344 0.174217 0.101699
1 57943 172100016 0.395346 0.084292 0.309315 0.11884
1 43588 129461132 0.0853453 0.136227 0.0980994 0.0911837
1 22856 67884347 0.285862 0.307817 0.273507 0.280189
1 31996 95031203 0.316456 0.251579 0.44684 0.0849159
1 42426 126012505 0.132368 0.0665247 0.14095 0.115572
1 7637 22682305 0.16319 0.128469 0.178384 0.0899967
1 57687 171339111 0.149418 0.135526 0.165414 0.193473
1 35271 104759650 0.129485 0.132726 0.164391 0.100139
1 52574 156151978 0.262783 0.14428 0.22515 0.246861
1 4654 13821139 0.0951704 0.217335 0.380364 0.179886
1 4679 13897471 0.196807 0.137385 0.157468 0.355164
1 57402 170493696 0.266391 0.140888 0.0948852 0.430852
1 76074 225950758 0.101939 0.0978144 0.136346 0.115548
1 76573 227432189 0.0881456 0.131155 0.109375 0.0757641
1 36992 109871218 0.191789 0.165325 0.101008 -10
1 55229 164039582 0.274591 0.336292 0.320984 0.113508
1 66881 198647409 0.324823 0.094503 0.122905 0.178099
1 2669 7926819 0.0873714 0.0494757 0.0727422 0.157056
1 24270 72085916 0.080596 0.0684323 0.116373 0.0562257
1 41737 123964260 0.220191 0.115261 0.0637598 0.358158
1 43457 129072523 0.0964452 0.249381 0.32443 0.244824
1 66539 197630135 0.126955 0.277398 0.172207 0.434958
1 6710 19929395 0.199759 0.196931 0.134157 0.352907
1 7606 22591111 0.293794 0.190958 0.0670932 0.148508
1 3452 10251953 0.302616 0.091662 0.202988 0.0883246
1 16043 47649305 0.0570744 0.103462 0.338595 0.186377
1 25925 77000126 0.269777 0.374199 0.4537 0.233831
1 15558 46207645 0.1901 0.0881933 0.295776 0.213728
1 23161 68791214 0.263247 0.110197 0.411234 0.0636593
1 16304 48423969 0.317074 0.244113 0.129194 0.110862
1 64716 192216433 0.0928811 0.132657 0.150382 0.134081
1 66755 198273392 0.0764172 0.107118 0.0687374 0.0818266
1 6169 18321500 0.219267 0.17595 0.0720766 0.171305
1 11999 35636766 0.302732 0.114711 0.125046 0.262218
1 72785 216181792 0.0914824 0.151123 0.0899189 0.0901312
1 73228 217498147 0.140168 0.0735078 0.384579 0.3243
1 76397 226909215 0.44952 0.111506 0.0712868 0.0874036
1 50084 148758110 0.258227 0.201376 0.296004 0.235918
1 13087 38869969 0.329734 0.102731 0.162579 0.141832
1 33217 98658536 0.0641531 0.11623 0.160935 0.244675
1 42133 125139113 0.292957 0.391125 0.25745 0.0864362
1 50213 149138700 0.0987685 0.211871 0.143016 0.224219
1 50536 150100381 0.0988356 0.0976165 0.171452 0.345541
1 3749 11134648 0.0786815 0.106195 0.26477 0.105988
1 29257 86897233 0.326901 0.121251 0.231624 0.129237
1 41521 123322410 0.147498 0.130735 0.176083 0.137985
1 59422 176493567 0.15105 0.278324 0.236144 0.121382
1 30630 90976537 0.212821 0.284976 0.179144 0.407263
1 44109 131009334 0.429566 0.286646 0.0955858 0.176057
1 67678 201013152 0.158451 0.259511 0.16234 0.106071
1 1153 3422370 0.116819 0.327319 0.189508 0.190527
1 7282 21628998 0.161867 0.150267 0.0662837 0.232383
1 68535 203557698 0.420276 0.0814691 0.25241 0.0652508
1 74213 220422857 0.0594787 0.0712545 0.118329 0.121702
1 28928 85920574 0.123925 0.11341 0.194751 0.345204
1 59717 177368551 0.151553 0.117724 0.172851 0.3157
1 32752 97276483 0.184819 0.0715716 0.354504 0.146874
1 5727 17009956 0.0917272 0.0954021 0.215329 0.133322
1 49550 147169251 0.203283 0.104395 0.188582 0.266888
1 46552 138265120 0.31795 0.120955 0.201685 0.0909054
1 72471 215249647 0.091208 0.155253 0.200556 0.214029
1 4414 13110167 0.204286 0.337192 0.169229 0.179307
1 2599 7718228 0.147521 0.153297 0.416408 0.130118
1 10021 29762744 0.0946994 0.206761 0.140263 0.0977776
1 45648 135581792 0.292282 0.167067 0.0564903 0.405748
1 45652 135592838 0.264787 0.21916 0.275537 0.365818
1 49683 147566756 0.342662 0.092457 0.117027 -10
1 56448 167658885 0.126651 0.0781839 0.264226 0.20614
1 71768 213163140 0.166857 0.0948214 0.387912 0.314045
1 34953 103815821 0.0993147 0.0696539 0.203747 0.0837537
1 75936 225540676 0.127746 0.162193 0.157142 0.11812
1 49170 146043356 0.179237 0.0926572 0.342316 0.134345
1 41726 123933053 0.145863 0.174803 0.384798 0.27559
1 33015 98058610 0.0685072 0.126099 0.135068 0.242257
1 35964 106818045 0.0752575 0.094888 0.0708906 0.121401
1 53918 160143698 0.178204 0.194938 0.0995687 0.10546
1 28530 84738774 0.186014 0.224595 0.0910636 0.404796
1 4232 12569497 0.427199 0.16393 0.0969446 0.133152
1 18571 55158435 0.20196 0.137982 0.142657 0.101953
1 20639 61299770 0.154179 0.0628319 0.399913 0.118923
1 57296 170177809 0.18268 0.090876 0.131848 0.31669
1 43553 129359423 0.133263 0.180951 0.110632 0.0601415
1 58933 175039795 0.164652 0.150929 0.073993 0.254466
1 47491 141056259 0.0715447 0.321944 0.303689 0.0803429
1 56597 168099858 0.0654914 0.0973825 0.335923 0.074578
1 68914 204684876 0.141534 0.115903 0.0694452 0.45886
1 72575 215560076 0.130203 0.254477 0.161144 0.100355
1 76568 227419528 0.24861 0.120531 0.0942081 0.171007
1 65279 193888229 0.103251 0.446085 0.346038 0.0701996
1 74011 219823463 0.125 0.215785 0.161912 0.342525
1 19409 57647656 0.102667 0.111701 0.251805 0.192256
1 34808 103383345 0.371175 0.348912 0.0615229 0.15431
1 73722 218965173 0.0616522 0.284481 0.119422 0.092734
1 9718 28862817 0.376004 0.0865494 0.153271 0.101266
1 31181 92612412 0.132122 0.443544 0.0720079 0.108488
1 36213 107558632 0.137904 0.0734484 0.26952 0.256955
1 58036 172375541 0.0629962 0.310276 0.274112 0.425986
1 14957 44424940 0.0753212 0.0573901 0.105861 0.138007
1 49862 148095792 0.0773903 0.191078 0.218742 0.0838628
1 3903 11591887 0.161919 0.0955673 0.197007 0.1029
1 26687 79263027 0.249564 0.117943 0.217208 0.0718419
1 1092 3242336 0.0745851 0.207453 0.135154 0.27873
1 74156 220255765 0.243596 0.126043 0.134566 0.0744983
1 68785 204300106 0.0989483 0.192356 0.3341 0.220452
1 73546 218443439 0.272786 0.138487 0.10869 0.337469
1 73546 218444304 0.120603 0.241108 0.127636 0.0998929
1 75651 224693880 0.0736555 0.141895 0.178769 0.111242
1 60 175963 0.119285 0.134125 0.11106 0.232296
1 64 188409 0.0957239 0.15836 0.255334 0.155609
1 35222 104615071 0.0995187 0.123561 0.0629865 0.143299
1 34669 102971942 0.0729072 0.0661182 0.0869899 0.0887709
1 37006 109911994 0.151451 0.192517 0.352333 0.212961
1 53555 159065799 0.194379 0.275167 0.0756102 0.0647279
1 57631 171171990 0.130339 0.0860721 0.0960218 0.0991639
1 46286 137475475 0.205161 -10 0.103635 0.108088
1 47798 141966757 0.0644188 0.216435 0.150906 0.16814
1 14091 41850350 0.188804 0.0924608 0.137422 0.187172
1 21760 64629004 0.330831 0.0940385 0.129021 0.103253
1 3581 10635521 0.0857953 0.134852 0.0889051 0.12294
1 15454 45899378 0.0684159 0.057458 0.20453 0.144869
1 1288 3823241 0.142304 0.0682408 0.147623 -10
1 67908 201697702 0.078079 0.102618 0.167132 0.426608
1 16579 49240629 0.0957585 0.113285 0.21736 0.0984392
1 17015 50537850 0.240032 0.103994 0.161547 0.221501
1 18078 53692169 0.381469 0.117916 0.210488 0.088315
1 21862 64932117 0.0756235 0.183836 0.0669968 0.125607
1 53824 159865327 0.133482 0.0863198 0.11328 0.108565
1 32136 95448877 0.0943768 0.150154 0.0705632 0.220541
1 6598 19595145 0.0657576 0.172543 0.0550361 0.192523
1 69340 205948888 0.144977 0.391608 -10 0.0622407
1 15566 46231309 0.0862685 0.0983271 0.177521 0.421325
1 32246 95774122 0.111554 0.345186 0.0966133 0.196658
1 31719 94208189 0.190681 0.173303 0.281592 0.0750337
1 2394 7110606 0.228907 0.194517 0.318422 0.115843
1 44774 132983460 0.389337 0.128274 0.0576254 0.0992982
1 27110 80518620 0.119176 0.161958 0.323831 0.345615
1 9572 28429102 0.0733899 0.087481 0.35883 0.0883855
1 12798 38011628 0.0859838 0.195941 0.182439 0.0741747
1 12807 38036841 0.116088 0.126385 0.201904 0.0831887
1 12922 38379501 0.215777 0.0976947 0.40466 0.079354
1 19277 57255500 0.169825 0.128827 0.342011 0.307278
1 2829 8401737 0.156359 0.0787068 0.0962728 0.145653
1 70984 210832253 0.0916248 0.183671 0.218017 0.079512
1 20128 59783509 0.362388 0.234927 0.347379 0.124227
1 20128 59783558 0.205443 0.33785 0.413222 0.162147
1 4629 13747922 0.0733933 0.172379 0.0916656 0.167974
1 67712 201114145 0.0835406 0.125765 0.0960049 0.0509701
1 54330 161369191 0.305178 0.0713493 0.112802 0.159707
1 46900 139298737 0.166908 0.0826069 0.20948 0.32875
1 30898 91772658 0.140227 0.108899 0.254395 0.115917
1 27393 81360384 0.0820097 0.375473 0.148422 0.255408
1 32359 96111743 0.125202 0.261315 0.108529 0.068418
1 22400 66529448 0.0499524 0.190915 0.185725 0.153595
1 50762 150770243 0.0954913 0.455845 0.374544 0.203121
1 62416 185385871 0.328921 0.223004 0.126696 0.0995088
1 50210 149130361 0.158964 0.134938 0.0725004 0.111048
1 24806 73675319 0.137834 0.177943 0.0916498 0.121843
1 67030 199088555 0.243187 0.174832 0.197799 0.121386
1 929 2756631 0.172689 0.173668 0.102744 0.0621171
1 39076 116061913 0.0837288 0.0862673 0.1063 0.179129
1 6997 20780234 0.267503 0.167182 0.318393 0.166204
1 57358 170363289 0.301024 0.107092 0.151815 0.120419
1 8444 25080240 0.316089 0.0754793 0.255778 0.0680637
1 27751 82425308 0.075838 0.45755 0.0643423 0.0907982
1 34614 102809188 0.0884016 0.215101 0.307365 0.111912
1 34974 103878488 0.256038 0.309874 0.430473 0.0858309
1 18175 53981111 0.0916392 0.363953 0.085076 0.144109
1 44726 132841639 0.074278 0.0715496 0.377491 0.0989731
1 50078 148738062 0.15842 0.366548 0.314699 0.173132
1 67413 200227958 0.116315 0.160015 0.0698166 0.125084
1 16926 50271797 0.179931 0.0665791 0.254381 -10
1 3176 9430802 0.0949158 0.274078 0.319365 0.224932
1 36573 108627902 0.0647711 0.106948 0.0930735 0.0612887
1 33847 100529776 0.199999 0.0898768 0.109059 0.405633
1 42832 127216381 0.0799819 0.171589 0.0744287 0.0897665
1 40582 120533703 0.414912 0.215204 0.212845 0.155463
1 18474 54870787 0.108494 0.0878566 0.0946721 0.132772
1 48668 144549776 0.175659 0.0861863 0.0696054 0.234221
1 40111 119136128 0.078119 0.127895 0.338028 0.168664
1 45606 135455026 0.278572 0.158578 0.184356 0.0730594
1 45627 135517590 0.161355 0.111583 0.17033 0.224408
1 46290 137486472 0.191582 0.0967426 0.172367 0.334495
1 71364 211962230 0.167238 0.405077 0.39936 0.116351
1 4200 12472920 0.170656 0.0726402 0.161575 0.072091
1 37028 109979133 0.104188 0.160106 0.0957723 0.063405
1 40711 120917957 0.062687 0.245804 0.0738863 0.338563
1 67063 199188026 0.0983688 0.112081 0.175379 0.0990681
1 5664 16822528 0.145838 0.093197 0.0750645 0.320849
1 44230 131370530 0.0939761 0.122741 0.295461 0.160383
1 70196 208491853 0.0792984 0.0852588 0.182221 0.127256
1 27512 81714993 0.190862 0.292516 0.185329 0.0952592
1 22199 65933586 0.0934758 0.0915099 0.18014 0.306706
1 31161 92550944 0.0970988 0.131043 0.0660607 0.0701925
1 31628 93938758 0.126168 0.124623 0.151968 0.107451
1 31684 94104051 0.141062 0.288834 0.0742115 0.324837
1 53858 159964681 0.294033 0.151186 0.138884 0.442906
1 48087 142825534 0.0970181 0.0703522 0.246876 0.218871
1 68011 202002164 0.329197 0.368277 0.18097 0.177658
1 62158 184619252 0.082479 0.102166 0.059011 0.162971
1 69130 205326444 0.346842 -10 0.316041 0.194602
1 71536 212472657 0.0887544 0.178201 0.44781 0.120986
1 22000 65341161 0.0864773 0.237709 0.152547 0.10152
1 3205 9519116 0.308659 0.237616 0.0680809 0.107662
1 15900 47223446 0.0692624 0.203588 0.159445 0.109913
1 50440 149814464 0.116766 0.224141 0.215897 0.387806
1 37692 111950055 0.0767712 0.189767 0.153034 0.151207
1 42846 127259868 0.270961 0.118892 0.456503 0.397541
1 57161 169775585 0.331694 0.0975423 0.109892 0.0940863
1 27462 81564243 0.268898 0.0994451 0.066035 0.104031
1 68926 204719767 0.0645878 0.0677708 0.0673674 0.353318
1 5009 14877601 0.178601 0.158706 0.0939633 0.126064
1 18593 55222742 0.209511 0.192001 0.305963 0.06768
1 26285 78069534 0.450835 0.0985281 0.0644743 0.408035
1 58953 175098381 0.160747 0.173909 0.174318 0.459841
1 21400 63558873 0.203003 0.136621 0.184008 0.0816275
1 26255 77980257 0.206531 0.208175 0.359026 0.256164
1 11190 33236337 0.16918 0.119495 0.353547 0.237548
1 45870 136241410 0.0570781 0.167926 0.0678508 0.0909537
1 7639 22689112 0.167908 0.236283 0.436027 0.0705667
1 33273 98824036 0.263775 0.171533 0.0707212 0.107935
1 45959 136505430 0.191524 0.161224 0.275423 0.244967
1 17432 51775677 0.180967 0.0797342 0.109266 0.259088
1 14071 41792371 0.229699 0.0978544 0.20073 0.120433
1 18948 56277436 0.200906 0.0835242 0.458226 0.0833723
1 22474 66750773 0.0523143 0.157149 0.242418 0.140157
1 76092 226004491 0.0736066 0.0930699 0.049276 0.314457
1 10595 31467676 0.064257 0.275037 0.107988 0.0669239
1 13627 40472840 0.1398 0.157184 0.0896219 0.146573
1 41992 124720721 0.178256 0.0636007 0.0755576 0.167358
1 10369 30797586 0.10077 0.280666 0.209834 0.159415
1 69119 205292926 0.369397 0.234288 0.149706 0.167172
1 55424 164617180 0.228253 0.101535 0.176835 0.0682423
1 56858 168877609 0.0945074 0.140414 0.179191 0.182231
1 50046 148644505 0.0616509 0.110788 0.143761 -10
1 40382 119938628 0.0638008 0.108203 0.138739 0.181759
1 25171 74760093 0.209293 0.282783 0.0942481 0.0825699
1 64846 192601512 0.197562 0.14269 0.174009 0.107522
1 64846 192602220 0.315142 0.167776 0.227384 0.120253
1 42121 125105165 0.25721 0.0692346 0.0660583 0.182024
1 18655 55408415 0.108151 0.205303 0.277662 0.0797627
1 35570 105646348 0.0663688 0.123203 0.424009 0.107242
1 45182 134197200 0.0713525 0.142426 0.082496 0.106245
1 60918 180934752 0.399941 0.235177 0.175353 0.32142
1 37669 111880635 0.195738 0.0779 0.276781 0.214846
1 59433 176523568 0.0810604 0.261228 0.157604 0.103621
1 68576 203681068 0.262076 0.0982891 0.182832 0.0924812
1 70439 209215898 0.193028 0.0727369 0.23137 0.12264
1 56851 168856386 0.275854 0.253826 0.143777 0.0705425
1 68254 202724043 0.0954586 0.0976185 0.0662641 0.113132
1 64083 190337304 0.190324 0.110935 0.104888 0.0756717
1 74564 221465055 0.265105 0.409771 0.370321 0.199142
1 11555 34319549 0.27181 0.150705 0.447705 0.177318
1 40472 120209036 0.0679301 0.0730389 0.0955573 0.139822
1 50576 150216870 0.122202 0.207568 0.116746 0.154462
1 55260 164129139 0.175814 0.432463 0.139618 0.15503
1 68106 202285287 0.434552 0.122211 0.40108 0.333991
1 74115 220131901 0.228533 0.0861459 0.247211 0.0811946
1 69757 207187000 0.162465 0.0761802 0.28867 0.399855
1 57887 171932752 0.275069 0.177842 0.356604 0.19604
1 71194 211458453 0.159743 0.182095 0.248854 0.35668
1 28049 83310250 0.18441 0.122783 0.209781 0.282577
1 34840 103480617 0.352938 -10 0.22161 0.459448
1 41784 124104451 0.190273 0.186323 0.447434 0.117935
1 30241 89818872 0.253928 0.0606668 0.253443 0.22465
1 59306 176146912 0.18064 0.280052 0.0700585 0.354599
1 59308 176151961 0.350444 0.103074 0.457008 0.0679002
1 7927 23543978 0.121694 0.118472 0.0871146 0.332945
1 8817 26186831 0.189529 0.140213 0.0926763 0.363044
1 22584 67076424 0.0790941 0.118377 0.0645597 0.104443
1 14553 43223035 0.138699 0.173748 0.0971963 0.422765
1 72667 215831776 0.313013 0.19344 0.390369 0.219369
1 58773 174563756 0.0970618 0.0947383 0.106102 0.16819
1 4841 14376338 0.388064 0.0936819 0.396783 0.30717
1 28198 83752580 0.084724 0.142594 0.115821 0.0801935
1 53443 158732123 0.140972 0.194435 0.116796 0.131532
1 61328 182152018 0.323505 0.0893901 0.151145 0.239312
1 76087 225988941 0.112174 0.188349 0.371168 0.401627
1 6438 19121610 0.25746 0.277602 0.188572 0.118198
1 38855 115405555 0.0721593 0.0996081 0.146961 0.0894763
1 53755 159659134 0.29621 0.296217 0.153719 0.151115
1 6716 19947934 0.116031 0.12906 0.0636671 -10
1 36637 108816486 0.269116 0.081559 0.269513 0.0881365
1 46474 138033157 0.0963428 0.310758 0.0796358 0.0900551
1 50002 148514284 0.058075 0.0974063 0.102685 0.105644
1 56551 167963754 0.0977262 0.133955 0.156413 0.181756
1 9399 27916381 0.0735332 0.262849 0.230793 0.0606226
1 9400 27919473 0.0612371 0.178898 0.130185 0.192142
1 54206 161000282 0.267986 0.156257 0.0844645 0.0855581
1 68945 204776989 0.221664 0.0848037 0.0937732 0.429144
1 51420 152723791 0.0771317 0.13198 0.306662 0.326809
1 64673 192087557 0.165322 0.109947 0.178467 0.0837107
1 66853 198563503 0.18967 0.138227 0.119199 0.0746605
1 63987 190050792 0.35164 0.0948274 0.185757 0.0836827
1 60423 179463849 0.0899254 0.240486 0.16092 0.0656126
1 60431 179489501 0.326175 0.0737666 0.0930818 0.188739
1 74789 222134885 0.0986957 0.384514 0.214492 0.415319
1 71126 211253336 0.155661 0.0952671 0.166973 0.204702
1 10341 30714432 0.173252 0.152719 0.224342 0.101959
1 8394 24930502 0.140996 0.0582266 0.201385 0.144753
1 30319 90050026 0.180553 0.155016 0.359667 0.182398
1 63500 188603060 0.265545 0.0551624 0.0996846 0.0701413
1 26948 80039216 0.15844 0.0838462 0.130729 0.223929
1 73829 219283295 0.332765 0.132848 0.106368 0.0668376
1 17809 52893892 0.241913 0.289372 0.452662 0.151101
1 28820 85600074 0.206182 0.40678 0.107774 0.157467
1 21266 63163248 0.213551 0.266035 0.42581 0.411286
1 59281 176072873 0.120463 0.116122 0.0949164 0.0887444
1 50107 148825361 0.241139 0.151301 0.34329 0.348451
1 34828 103444601 0.432644 0.134086 0.222588 0.18105
1 64953 192921231 0.120014 0.249487 0.0920149 0.10492
1 40571 120502655 0.121209 0.0650838 0.273272 0.241951
1 62478 185567561 0.0731696 0.101021 0.0587513 0.143616
1 15731 46723431 0.0923344 0.259583 0.0661272 0.120297
1 16366 48610217 0.14498 0.124641 0.074621 0.185024
1 61202 181780233 0.0767458 0.211013 0.184258 0.447466
1 66012 196064686 0.0725223 0.359683 0.132395 0.146312
1 66908 198725393 0.163494 0.0975923 0.055183 0.170004
1 69011 204974604 0.178951 0.154494 0.0648069 0.122148
1 46692 138680869 0.420552 0.192831 0.27339 0.190204
1 63526 188680417 0.151262 0.187773 0.0621374 0.225524
1 32333 96032425 0.1322 0.0677435 0.264993 0.108302
1 26223 77884007 0.254886 0.0892225 0.116316 0.161076
1 56260 167099198 0.39767 0.089302 0.187541 0.101107
1 56309 167245102 0.415908 0.111663 0.256979 0.378081
1 65312 193987021 0.168055 -10 0.0957834 0.103461
1 72552 215489980 0.133184 0.0953644 0.104652 0.129111
1 72947 216664721 0.246006 0.0845071 0.140998 0.10154
1 73025 216894223 0.148899 0.345305 0.18948 0.0814584
1 55760 165616305 0.0600707 0.0866479 0.156941 0.118619
1 19137 56839447 0.072122 0.107567 0.220253 0.250968
1 22847 67858077 0.0745911 0.137463 0.159582 0.0792575
1 4452 13221925 0.0839226 0.401023 0.121038 0.103336
1 55566 165039136 0.30022 0.350446 0.179811 0.399173
1 7505 22289969 0.296099 0.134521 0.238905 0.27723
1 45450 134993605 0.0908128 0.0907605 0.082767 0.103935
1 71080 211117507 0.117872 0.17383 0.158871 0.129345
1 72502 215341717 0.345696 0.0888797 0.172601 0.160734
1 54098 160679810 0.32407 0.0914907 0.0970492 0.205924
1 20803 61787769 0.0595136 0.136489 0.0698166 0.185836
1 25332 75238714 0.281143 0.242655 0.0750887 0.0717423
1 26796 79586613 0.269307 0.238144 0.145735 -10
1 6964 20681512 0.0726469 0.425172 0.12957 0.111457
1 7952 23618293 0.202118 0.102495 0.0559282 0.0644395
1 30315 90039939 0.332869 0.183665 0.153994 0.102952
1 46104 136935654 0.395598 -10 0.069828 0.369735
1 37283 110736431 0.0833269 0.101846 0.0802749 0.11897
1 24162 71763342 0.150189 0.121249 0.182428 0.128496
1 56666 168306423 0.183165 0.115901 0.0617376 0.0723208
1 48183 143108757 0.145414 0.230908 0.172587 0.164752
1 67711 201110951 0.189547 0.109406 0.0758428 0.143776
1 29147 86571338 0.100628 0.100305 0.0926554 0.13448
1 28160 83637757 0.144923 0.0946732 0.0920964 0.300867
1 8147 24195844 0.183112 0.0965796 0.135513 0.0715025
1 9945 29536314 0.411596 0.320539 0.0994005 0.0767857
1 43442 129028741 0.0916837 0.0570216 0.0564336 0.161568
1 60870 180792953 0.371001 0.100388 0.079595 0.0678269
1 21720 64511589 0.208216 0.195364 0.153712 0.11959
1 53203 158020711 0.27178 0.174677 0.158871 0.0743644
1 34704 103076012 0.21387 0.192642 0.151753 0.154688
1 4551 13515541 0.108007 0.108894 0.215081 0.15915
1 57581 171023226 0.184056 0.458082 0.103241 0.321837
1 72722 215995794 0.185047 0.107535 0.244156 0.125521
1 73200 217415490 0.0512296 0.102866 0.395241 0.191386
1 67367 200090135 0.163959 0.439163 0.206349 0.137749
1 70578 209628782 0.133525 0.167686 0.13274 0.0864884
1 63385 188263511 0.102704 0.111799 0.222309 0.129454
1 63951 189942305 0.0690523 0.087105 0.140312 -10
1 55762 165620875 0.0746421 0.0634136 0.27818 0.202706
1 7886 23421688 0.0582906 0.277994 0.0975264 0.458681
1 39530 117410197 0.173488 0.115544 0.163891 0.149386
1 63547 188743073 0.384627 0.0945485 0.322897 0.379559
1 74101 220089565 0.411481 0.310882 0.430323 0.124477
1 24579 73001873 0.0963883 0.0748142 0.0880128 0.109491
1 60098 178500756 0.215046 0.289374 0.108971 0.119331
1 63598 188894670 0.107799 0.359176 0.449057 0.177612
1 65926 195808997 0.158609 0.10769 0.216439 0.133703
1 64710 192199271 0.122737 0.0717317 0.271463 0.124937
1 2462 7310907 0.0605542 0.128156 0.154339 0.125059
1 11974 35564353 0.105536 0.0908012 0.15948 0.114842
1 21382 63508659 0.227049 0.0669617 0.0618499 0.228742
1 23109 68635591 0.0917879 0.183331 0.063601 0.149748
1 25851 76781742 0.197889 0.0879759 0.110431 0.394315
1 49269 146335605 0.242636 0.22634 0.129726 0.421877
1 53932 160185825 0.159217 0.19515 0.0839257 0.102208
1 12221 36298176 0.187963 0.373076 0.292183 0.405154
1 36437 108222599 0.132175 0.103857 0.300802 0.107008
1 33563 99686772 0.0642927 0.0835942 0.402503 0.0820168
1 46807 139023351 0.302278 0.157206 0.059665 0.10054
1 50014 148549070 0.0887481 0.156955 0.186789 0.127427
1 14088 41841564 0.164767 0.313151 0.126419 0.124566
1 67467 200386640 0.235197 0.408728 0.252611 0.443319
1 73848 219338683 0.181567 0.136568 0.0682552 0.0803355
1 39369 116930783 0.162743 0.0966276 0.19641 0.144705
1 40113 119140026 0.179824 0.103583 0.29244 0.255177
1 40115 119147026 0.123501 0.444384 0.0802869 0.09536
1 41166 122268523 0.0791406 0.264642 0.0907538 0.0648491
1 35460 105320270 0.159756 0.0781322 0.126603 0.162177
1 23148 68751369 0.072577 0.425402 0.145049 0.0878992
1 63837 189605044 0.152696 0.0744035 0.18795 0.113528
1 4170 12385683 0.0746465 0.132441 0.106853 0.260754
1 4160 12356203 0.214113 0.0996862 0.319517 0.174044
1 6275 18637315 0.121378 0.149996 0.283565 0.0942473
1 76731 227901824 0.262419 0.195627 0.137495 0.248878
1 10099 29995713 0.099106 0.0648232 0.127684 0.122346
1 26139 77636020 0.146813 0.128862 0.26326 0.221522
1 13510 40126893 0.075156 0.230198 0.0910753 0.243086
1 29819 88567473 0.0700623 0.249479 0.324023 0.119927
1 66966 198897530 0.0671682 0.195401 0.0729725 0.28779
1 22196 65924442 0.408368 0.385782 0.101516 0.151223
1 34842 103485604 0.167984 0.194982 0.215181 0.214987
1 38370 113964554 0.0580808 0.288764 0.100113 0.0817913
1 43221 128372054 0.0919781 0.173701 0.0978208 0.372421
1 61771 183470112 0.126912 0.299904 0.121583 0.0817097
1 16897 50184099 0.0755049 0.0895629 0.361462 0.110454
1 16584 49255315 0.347924 0.163957 0.0727861 0.114156
1 22818 67771861 0.0770811 0.073822 0.209369 0.11209
1 65932 195827234 0.10655 0.214937 0.0575599 0.123915
1 41721 123916768 0.105467 0.144827 0.112759 0.0716438
1 63126 187494463 0.137884 0.0645698 0.387645 0.0828811
1 39352 116879221 0.110319 0.11823 0.0885499 0.123595
1 45463 135031739 0.396947 0.085815 0.199576 0.123181
1 42896 127406786 0.0717802 0.0910414 0.31725 0.0993421
1 44872 133274805 0.16446 0.100256 0.435666 0.400733
1 76755 227974954 0.258042 0.0981372 0.274997 0.0993144
1 27555 81841502 0.163168 0.123877 0.210958 0.194279
1 39047 115975660 0.280062 0.0668447 0.0619435 0.413089
1 32512 96564902 0.0618203 0.163294 0.198581 0.0854814
1 35803 106340876 0.169161 -10 0.101202 0.11053
1 46416 137861157 0.269034 0.0653377 0.183941 0.209105
1 44870 133270897 0.241938 0.0708298 0.0973327 0.0860381
1 53715 159542196 0.0615746 0.172521 0.131752 0.148832
1 28211 83790971 0.277392 0.139995 0.173556 0.124503
1 50655 150453077 0.0682872 0.121877 0.0762015 0.0981554
1 73857 219366777 0.331898 0.126458 0.198026 0.166651
1 34235 101682811 0.292153 0.137925 0.0947513 0.0934285
1 61369 182273694 0.151676 0.38213 0.157464 0.0873382
1 56257 167090612 0.0503874 0.0605154 0.0695774 0.0640559
1 33595 99782444 0.0778672 0.068124 0.199159 0.0915155
1 47134 139993455 0.0901958 0.125103 0.339123 0.0976633
1 26475 78634453 0.224692 0.067563 0.17215 0.135701
1 32528 96614030 0.275439 0.250973 0.32079 0.275819
1 18488 54912694 0.215848 0.14077 0.174145 -10
1 34521 102531582 0.418112 0.0849435 0.18891 0.222307
1 54891 163033508 0.396895 0.0953082 0.308696 0.0979988
1 66677 198040763 0.196893 0.0761695 0.0737056 0.114959
1 76601 227516550 0.0944695 0.15886 0.160174 0.0921721
1 53128 157798423 0.070376 0.0621146 0.294068 0.155684
1 34016 101032969 0.447622 0.163072 0.169374 0.170027
1 72512 215372102 0.210028 0.155129 0.111449 0.26697
1 72745 216063365 0.140337 0.0737127 0.144358 0.3166
1 28296 84042670 0.222003 0.151581 0.214018 0.137275
1 2564 7615970 0.175146 0.364311 0.271336 0.198912
1 23573 70014150 0.376802 0.105674 0.390509 0.0792694
1 49714 147658197 0.175191 0.295834 0.0871464 0.0616257
1 49732 147710640 0.233971 0.135067 0.16512 0.140757
1 41842 124276719 0.157923 0.1009 0.183449 0.394417
1 19895 59091670 0.164988 -10 0.304866 0.123867
1 61402 182372682 0.0711273 0.0920336 0.190121 0.310949
1 2141 6356699 0.0845248 0.118528 0.0653375 0.0869903
1 33272 98820967 0.106096 0.0823433 0.174231 -10
1 33778 100325024 0.085525 0.248658 0.0716837 -10
1 59701 177320184 0.0723072 0.0645109 0.333643 0.223885
1 59701 177320593 0.0931634 0.350421 0.0691849 0.456005
1 75737 224951632 0.081772 0.209508 0.212063 0.0860902
1 9586 28469656 0.253432 0.0776296 0.18812 0.0762181
1 25563 75925672 0.126131 0.151357 0.325491 0.148276
1 40929 121565424 0.143717 0.0654662 0.363599 0.111259
1 73797 219189897 0.318143 0.197203 0.232121 0.149496
1 76009 225757672 0.271031 0.282074 0.100466 0.390362
1 5205 15460255 0.0636715 0.0936185 0.0691354 0.334358
1 65727 195219722 0.212005 0.14961 0.38405 0.0887745
1 33141 98433691 0.0685822 0.0814282 0.0912909 0.124931
1 43461 129084176 0.354813 0.269083 0.115232 0.0961342
1 48184 143114170 0.146641 0.110459 0.183019 0.109706
1 63826 189572006 0.142081 0.16654 0.0968253 0.0976201
1 25 73099 0.0678681 0.173879 0.0770115 0.271189
1 322 954099 0.0939534 0.0829852 0.101787 0.228523
1 1031 3061590 0.212063 0.0602968 0.293547 0.116281
1 3411 10130512 0.174816 0.106318 0.0905952 0.122363
1 3485 10349754 0.181346 0.151927 0.226546 0.162035
1 21688 64416277 0.440314 0.433191 0.074261 0.334191
1 5647 16771650 0.239281 0.305107 0.122296 0.19621
1 49402 146731327 0.105471 0.253402 0.178174 0.0881147
1 50691 150558143 0.102222 0.341723 0.100671 0.0808309
1 51941 154273603 0.132303 0.0941258 0.152516 0.134784
1 36919 109654898 0.142697 0.069763 0.210637 0.0836539
1 24821 73722393 0.0654171 0.0649314 0.256661 -10
1 25367 75341911 0.208816 0.190027 0.188648 0.169085
1 17959 53341192 0.126838 0.404783 0.152946 0.0729846
1 46205 137236395 0.0973471 0.431467 0.0772311 0.106115
1 17639 52388969 0.355019 0.070401 0.0734434 0.321041
1 32833 97517157 0.324649 0.0787251 0.17836 0.19815
1 44550 132320831 0.310528 0.0669471 0.0961038 0.238536
1 51480 152902195 0.0817534 0.112535 0.216845 0.231461
1 15890 47193581 0.0854921 0.150794 0.102334 0.0997531
1 22018 65397574 0.438387 0.126879 0.0935739 0.0916955
1 53848 159935802 0.0733264 0.0881994 0.0877908 0.184796
1 27506 81696799 0.0911166 0.0556158 0.435281 0.0755009
1 38071 113075150 0.0833098 0.081875 0.0834817 0.131807
1 45832 136125905 0.0699088 0.135407 0.125707 0.0935826
1 8579 25481474 0.0584962 0.146147 0.160149 0.108023
1 10426 30964571 0.418261 0.131923 0.0618876 0.0979955
1 48185 143116776 0.189126 0.108021 0.0653519 0.101054
1 57676 171306301 0.441563 0.180619 0.06205 0.410709
1 57214 169935330 0.229019 0.139953 0.106925 0.0937991
1 59441 176548800 0.103427 0.149319 0.0501414 0.174948
1 57363 170375712 0.265357 0.270336 0.364385 0.107553
1 30885 91731290 0.191327 0.127368 0.198402 0.233903
1 5673 16848043 0.444163 0.0960001 0.225644 0.0855716
1 53939 160208419 0.194417 0.188877 0.270833 0.284047
1 8212 24390874 0.358519 0.148546 0.293517 0.136258
1 29750 88360305 0.208283 0.0993781 0.335546 0.157814
1 147 434558 0.0528897 0.164466 0.114761 0.111704
1 172 509349 0.10347 0.0663294 0.130689 0.173982
1 30543 90717322 0.0861251 0.0993224 0.104671 0.193918
1 62792 186500348 0.419284 0.062554 0.38577 0.0984609
1 1923 5710486 0.117314 0.0974586 0.121311 0.101797
1 5497 16324404 0.0871624 0.0761995 0.3034 0.293956
1 33302 98911650 0.101022 0.110908 0.0836259 0.142247
1 25636 76141972 0.193401 0.0887631 0.220683 0.0885197
1 66815 198450820 0.0921741 0.226757 0.120702 0.158981
1 51082 151720644 0.394174 0.32008 0.171046 0.235572
1 52390 155605947 0.187965 0.201367 0.427345 0.119235
1 76533 227315232 0.242443 0.230893 0.089734 0.105053
1 15310 45472369 0.142316 0.245631 0.270093 0.142647
1 76553 227372817 0.162197 0.0964988 0.0921479 0.145928
1 46436 137921124 0.0887892 0.087673 0.0767919 0.130861
1 51551 153113905 0.204598 0.0748096 0.105456 0.218071
1 67952 201828455 0.378497 0.284482 0.209987 0.196419
1 73606 218620706 0.341882 0.233043 0.0649033 0.087407
1 1613 4791006 0.234207 0.120045 0.174734 0.127209
1 55618 165193487 0.10171 0.239523 0.244112 0.096181
1 59417 176478664 0.0854369 0.347762 0.25755 0.179136
1 73601 218605198 0.192561 0.14664 0.195963 0.169248
1 1677 4978788 0.158955 0.15059 0.386297 0.240991
1 53063 157605607 0.37141 0.0660672 0.185763 0.120161
1 36433 108211688 0.0671189 0.311377 0.384093 0.289818
1 42319 125694199 0.414677 0.201079 0.0705946 0.0843195
1 13751 40842118 0.0882818 0.123015 0.0920416 0.0842412
1 35746 106170813 0.268142 0.451397 0.0713717 0.0696252
1 27636 82081657 0.106235 0.137078 0.380191 0.165574
1 8012 23796278 0.0614701 0.12057 0.390876 0.120012
1 8012 23796914 0.443439 0.0792872 0.133242 0.2117
1 10843 32204571 0.180287 0.0749974 0.122419 0.333059
1 14764 43850824 0.0724251 0.0996249 0.1099 0.0700635
1 31664 94047708 0.0688007 0.160573 0.355241 0.383014
1 5689 16896324 0.0741272 0.0931693 0.338879 0.0733218
1 65389 194214436 0.319829 0.114389 0.19046 0.257745
1 7974 23683212 0.0985958 0.104268 0.207209 0.353253
1 19688 58474314 0.295519 0.126197 0.189625 0.139831
1 29562 87802488 0.104989 0.284278 0.382804 0.103436
1 41159 122249706 0.143637 0.395872 0.358617 0.130905
1 54941 163181871 0.0728669 0.122577 0.110586 0.268341
1 16856 50063810 0.102202 0.159824 0.144193 0.207738
1 52361 155519143 0.303585 0.0910908 0.21585 0.102583
1 68553 203613199 0.0937058 0.16149 0.0946019 0.19189
1 35198 104543648 0.0547991 0.415253 0.254833 0.204144
1 14826 44034624 0.110661 0.0848834 0.458585 0.0995143
1 6537 19415326 0.132546 0.422214 0.103315 0.0842165
1 25655 76198114 0.150318 0.0574845 0.174283 0.126138
1 35106 104270803 0.101801 0.376903 0.114364 0.140274
1 69064 205131405 0.13737 0.18483 0.172336 0.0582835
1 20067 59599795 0.195656 0.0714939 0.11037 0.176967
1 34832 103455765 0.0978972 0.241197 0.133933 0.30817
1 1416 4204327 0.318542 0.194095 0.143148 0.117494
1 2153 6393908 0.278473 0.334433 0.0739961 0.125247
1 25254 75006390 0.277091 0.160671 0.309329 0.127999
1 27528 81760974 0.107439 0.111699 0.0732083 0.159638
1 51512 152998607 0.320126 0.166224 0.218843 0.0770958
1 66889 198671473 0.0657132 0.107076 0.32591 0.0799359
1 14381 42712456 0.172825 0.095942 0.410248 0.094037
1 72472 215252242 0.165874 0.105835 0.191045 0.0648013
1 47890 142239979 0.113076 0.434122 0.180732 0.113589
1 69062 205124411 0.422492 0.129197 0.099562 0.309894
1 74107 220109628 0.153818 0.45575 0.235618 0.0816253
1 10114 30040817 0.0771194 0.134177 0.0782772 0.0763514
1 10186 30254216 0.126776 0.13218 0.397847 0.28693
1 12865 38210276 0.104621 0.263866 0.165207 0.144632
1 8307 24672905 0.238799 0.0638184 0.0651662 0.181739
1 13917 41336072 0.139887 0.246663 0.107787 0.120145
1 28085 83414401 0.104993 0.0808117 0.143064 0.239952
1 10404 30900638 0.172478 0.0722572 0.150844 0.102689
1 11276 33490100 0.179081 0.195209 0.161193 0.106973
1 24623 73132284 0.0777291 0.0660927 0.197713 0.151885
1 47385 140741430 0.309618 0.398416 0.0672022 0.0819194
1 53607 159219155 0.0838123 0.0874832 0.179984 0.146275
1 4142 12300276 0.288157 0.0817711 0.168071 0.0886387
1 41192 122346141 0.104443 0.395527 0.3558 0.0769756
1 53474 158824653 0.247346 0.148128 0.0753676 0.220423
1 50293 149377331 0.0961542 0.114325 0.318194 0.107997
1 49321 146489152 0.0774439 0.100199 0.0617758 0.0780388
1 7185 21340393 0.0608564 0.136412 0.409664 0.276895
1 76287 226583966 0.0924454 0.0622833 0.150484 0.116555
1 21765 64644935 0.183355 0.0537046 0.136947 0.183641
1 37188 110452557 0.221017 0.136918 0.311323 0.0944975
1 48186 143120466 0.224209 0.0692504 0.118636 0.265319
1 9563 28404125 0.213407 0.189384 0.382229 0.118956
1 35320 104903865 0.238583 0.11022 0.12373 0.0809521
1 7968 23665103 0.0667705 0.33617 0.0922485 0.105776
1 28268 83958430 0.110094 0.121896 0.177746 0.427243
1 69317 205881959 0.222139 0.126538 0.0961131 0.102629
1 75751 224991237 0.426263 0.122536 0.0991046 0.184821
1 76719 227867069 0.0866572 0.211336 0.294018 0.219497
1 53374 158527381 0.148513 0.0975572 0.17431 0.191918
1 5807 17245622 0.123082 0.158406 0.281405 -10
1 41175 122295028 0.132086 0.24221 0.112985 0.166908
1 19620 58272566 0.0895411 0.0905924 0.103413 0.103736
1 67567 200684020 0.149404 0.119344 0.196473 0.185479
1 68037 202080345 0.370577 0.289807 0.13442 0.132425
1 7210 21415333 0.0834708 0.0782363 0.204695 0.0962821
1 20893 62054864 0.160714 0.165012 0.178436 0.0984844
1 27446 81517200 0.347389 0.318043 0.0539626 0.0962201
1 42576 126457642 0.274102 0.388237 0.277809 0.0815006
1 27189 80753974 0.0634611 0.179449 0.175691 0.266143
1 61203 181783290 0.256714 0.105004 0.236325 0.233064
1 68682 203997242 0.239951 0.233429 0.27619 0.127615
1 33304 98916427 0.147349 0.165794 0.326888 0.156842
1 52398 155630853 0.205504 0.165414 0.137843 0.0711982
1 13534 40197428 0.28385 0.365818 0.211474 0.0859407
1 73160 217295799 0.145686 0.0773285 0.127418 0.128827
1 66410 197245987 0.349271 0.351368 0.244561 0.0935325
1 32184 95590691 0.0822594 0.330967 0.121806 0.086797
1 40319 119753311 0.181248 0.420096 0.17195 0.159134
1 58053 172424968 0.267519 0.32613 0.453521 0.456045
1 47668 141581478 0.0629709 0.0890326 0.0674044 0.266104
1 68280 202801713 0.188769 0.137352 0.19052 0.330162
1 54968 163264507 0.343372 0.190738 0.111097 0.120051
1 25009 74278034 0.110269 0.138094 0.16313 0.170204
1 10461 31070075 0.084766 0.197589 0.0738512 0.149905
1 33221 98671666 0.0869555 0.08961 0.140042 0.0934314
1 39813 118250240 0.224448 0.445793 0.0739284 0.257577
1 41041 121897211 0.218923 0.109996 0.262527 0.0969809
1 29479 87557744 0.072425 0.166886 0.228362 0.221046
1 53938 160203965 0.108205 0.452512 0.311927 0.3662
1 60902 180888198 0.244149 0.211698 0.0685418 0.0816313
1 57441 170607166 0.267199 0.441434 0.159172 0.172835
1 61852 183709684 0.129193 0.155448 0.196382 0.140546
1 63159 187592225 0.329389 0.103974 0.369446 0.192516
1 60385 179353219 0.056564 0.103335 0.0733564 0.0841642
1 73872 219410833 0.325988 0.121833 0.371786 0.261967
1 73883 219444928 0.099623 0.0880034 0.327091 0.371436
1 27529 81763142 0.0704037 0.345748 0.168029 0.363839
1 33133 98408144 0.131621 0.453881 0.102522 0.179116
1 35447 105281767 0.141278 0.077872 0.169636 0.181886
1 61243 181900252 0.116002 0.255869 0.114628 0.0648255
1 49967 148409100 0.415621 0.0543089 0.0839411 0.0851201
1 47627 141460574 0.204579 0.144812 0.277113 0.31467
1 37726 112051094 0.194007 0.127418 0.0855883 0.321922
1 5540 16453277 0.148776 0.225324 0.150462 0.160805
1 15835 47031218 0.0973353 0.241742 0.202147 0.125136
1 33331 98996449 0.0575293 0.459575 0.316166 0.233391
1 75783 225086923 0.372402 0.229803 0.0797573 0.178519
1 36908 109621957 0.188094 0.147969 0.286248 0.116383
1 44012 130722700 0.169944 0.106125 0.187095 0.285695
1 1387 4117232 0.104653 0.0969101 0.0626362 0.423571
1 59593 176999024 0.304208 -10 0.441687 0.184109
1 62082 184392044 0.347467 0.106932 0.173701 0.0856349
1 62368 185242440 0.269749 0.158903 0.158315 0.144469
1 63388 188272599 0.119107 0.151631 0.103087 0.254486
1 37702 111980170 0.251849 0.0678569 0.23642 0.284299
1 20175 59921729 0.0703451 0.202375 0.115931 0.344372
1 36346 107953564 0.212027 0.0895292 0.074189 0.0623581
1 74164 220278573 0.0639297 0.190608 0.125058 0.147212
1 29073 86350471 0.197696 0.0783765 0.449836 0.251825
1 62713 186266449 0.353542 0.0623815 0.0881091 0.256183
1 1658 4922263 0.266979 0.149462 0.0614209 0.0635971
1 22142 65763319 0.326337 0.0986728 0.0675289 0.289478
1 65559 194720173 0.271993 0.162519 0.102583 0.0851168
1 10588 31446854 0.410882 0.110446 0.1134 0.216751
1 23481 69742309 0.152053 0.0680398 0.0629404 0.121754
1 24558 72939101 0.293319 0.0917966 0.195176 0.0804206
1 70625 209766588 0.153544 0.413906 0.319932 0.228118
1 35138 104365370 0.192508 0.179063 0.0608869 0.184355
1 41688 123819823 0.178766 0.255137 0.209048 0.152522
1 73007 216841903 0.238744 0.081268 0.0640683 0.0658384
1 49541 147143159 0.133557 0.124034 0.0822167 0.0922223
1 20933 62173184 0.174984 0.283053 0.0504304 0.344742
1 17691 52544370 0.26206 0.162552 0.20342 0.0964251
1 49317 146478893 0.0603901 0.0667531 0.456299 0.0971322
1 39771 118124489 0.266862 0.163974 0.226233 0.0820843
1 57277 170119432 0.0561805 0.150849 0.191071 0.133315
1 65934 195834828 0.0559253 0.100496 0.163812 0.122559
1 52850 156971048 0.18533 0.277811 0.151294 0.238945
1 61696 183247480 0.219121 0.145566 0.0946412 0.216755
1 24804 73670617 0.122466 0.377425 0.0875027 0.173576
1 51359 152542734 0.121551 0.132412 0.375064 0.0920081
1 62501 185636400 0.415592 0.103352 0.112974 0.0583299
1 33122 98375729 0.126435 0.101819 0.0603551 0.135934
1 24642 73190836 0.0616388 0.202363 0.271575 0.258323
1 51920 154210372 0.135225 -10 0.0704734 0.0979929
1 72702 215935435 0.191926 0.118732 0.190098 0.166583
1 72703 215938990 0.0918878 0.0673836 0.116254 0.107232
1 44248 131422230 0.16085 0.437215 0.0947008 0.067374
1 72098 214142690 0.265378 0.110299 0.415998 -10
1 28941 85958577 0.122018 0.0553339 0.0908295 0.361543
1 43695 129779073 0.265821 0.177138 0.275045 0.097236
1 75749 224987111 0.150253 0.226702 0.0600359 0.110953
1 76693 227788396 0.0572871 0.104098 0.375682 0.126574
1 49089 145802298 0.261104 0.107392 0.333113 0.0623975
1 23463 69687832 0.212627 0.379383 0.264937 0.416026
1 24783 73608651 0.165121 0.0670207 0.104225 0.0652834
1 24868 73861990 0.0927902 0.0980656 0.152466 0.080587
1 69039 205054853 0.294949 0.0903526 0.138287 0.107676
1 25458 75613084 0.193044 0.142273 0.218105 0.275372
1 65905 195747228 0.0573238 0.307771 0.0925775 0.0736103
1 9728 28894116 0.154204 0.101122 0.208894 0.417003
1 12272 36449236 0.0916699 0.301952 0.20483 0.110959
1 40699 120880622 0.164787 0.146528 0.25279 0.098791
1 74296 220671096 0.0987788 0.248316 0.0714566 0.428919
1 63426 188385386 0.185074 0.173975 0.0947285 0.0860374
1 9078 26960567 0.23533 -10 0.0887899 0.167904
1 9078 26963133 0.312173 0.129167 0.184478 0.0991518
1 11506 34174318 0.28806 0.1144 0.0703211 0.29113
1 18647 55383989 0.406461 0.115619 0.0873426 0.094303
1 63795 189479999 0.185574 0.0850977 0.0646027 0.35146
1 65716 195187151 0.218769 0.33582 0.111869 0.242686
1 31942 94871528 0.0715241 0.304807 0.0770314 0.166966
1 55387 164507749 0.279938 0.308884 0.121025 0.134493
1 72378 214972669 0.453969 0.150394 0.084453 0.124765
1 72688 215894170 0.128124 0.129867 0.093056 0.105883
1 6293 18690062 0.0592176 0.109247 0.279435 0.180797
1 28631 85038507 0.071017 0.103472 0.0899204 0.0702994
1 28631 85038703 0.187541 0.130676 0.235407 0.127687
1 50299 149394441 0.211069 0.263738 0.0696002 0.30418
1 27035 80299069 0.0915187 0.136602 0.116425 0.160159
1 13812 41023805 0.168969 0.278207 0.112699 0.115628
1 7573 22490446 0.243061 0.107039 0.0735012 0.278828
1 16753 49758046 0.0870451 0.06778 0.211241 0.189129
1 1777 5277336 0.163617 0.0607405 0.0627869 0.0718767
1 51935 154254428 0.115362 0.104743 0.0942825 0.305649
1 15232 45240174 0.360685 0.202637 0.185807 0.0991287
1 58863 174832337 0.0753267 0.11259 0.444186 0.087594
1 53964 160279774 0.19998 0.277234 0.264589 0.138589
1 45196 134239819 0.110497 0.0600948 0.182504 0.138128
1 63941 189913114 0.376324 0.0608332 -10 0.275905
1 26591 78980038 0.140126 0.161632 0.184808 0.0744672
1 64860 192643684 0.14026 0.120275 0.131285 0.324126
1 55043 163487151 0.0677091 0.11472 0.199346 0.0681816
1 6769 20103475 0.305403 0.119643 0.313973 0.0946291
1 7570 22482211 0.104905 0.336189 0.36739 0.202103
1 11773 34965100 0.391896 0.129371 0.134461 0.201033
1 29192 86702694 0.0688756 0.112575 0.213158 0.12183
1 52008 154471214 0.127422 0.118234 0.13059 0.131993
1 3721 11051681 0.295186 0.191542 0.177924 0.383762
1 9916 29451196 0.167765 0.202286 0.234721 0.153611
1 13877 41215561 0.231319 0.0696879 0.358201 0.092565
1 27977 83095141 0.291835 0.0949198 0.059767 0.127395
1 21050 62520376 0.347171 0.334034 0.445929 0.191008
1 47704 141688622 0.0845971 0.132074 0.0570857 0.133575
1 44270 131486698 0.137775 0.0894413 0.0880049 0.216866
1 44343 131705914 0.0823582 0.101008 0.116415 0.0781419
1 65536 194651190 0.0864766 0.0813632 0.0594278 0.244041
1 44298 131570467 0.299543 0.374419 0.123849 0.0613287
1 50318 149452686 0.260689 0.388709 0.311448 0.139884
1 44439 131988751 0.392505 0.0784142 0.316589 0.165323
1 62005 184163082 0.111016 0.185736 0.0846123 0.0932778
1 73425 218083386 0.3179 0.322958 0.050657 0.322305
1 1630 4840392 0.283033 0.133803 0.104105 0.168269
1 5240 15562459 0.10908 0.098301 0.107288 0.222551
1 24373 72390184 0.20207 0.397624 0.0721715 0.099645
1 18460 54826550 0.40757 0.386116 0.103029 0.18459
1 24956 74123168 0.382362 0.0592602 0.217293 0.0662598
1 19455 57784072 0.158983 0.273727 0.279693 0.123272
1 36054 107086054 0.174829 0.45551 0.430562 0.12529
1 45017 133708051 0.0492828 0.216494 0.176181 0.162754
1 7328 21765840 0.0956675 0.174479 0.335582 0.143718
1 41269 122574930 0.0640225 -10 0.144324 0.146505
1 18473 54865260 0.431702 0.116281 0.113496 0.14806
1 60613 180029110 0.159453 0.446 0.0687304 0.165504
1 16453 48867802 0.318724 0.0772723 0.311734 0.414171
1 54419 161633136 0.0885742 0.09459 0.177184 0.147715
1 17978 53396600 0.0980818 0.0853855 0.271687 0.389533
1 18608 55267130 0.275148 0.143196 0.191643 0.177101
1 21466 63757332 0.315097 0.0751461 0.0671793 0.145308
1 21562 64041368 0.133224 0.287972 0.141993 0.299266
1 64537 191683704 0.223629 0.090411 0.301661 0.0838032
1 60531 179785164 0.119079 0.141246 0.196164 0.232462
1 58186 172820879 0.0810708 0.178333 0.179452 0.150598
1 20212 60031182 0.0948967 0.186648 0.21126 0.116241
1 60009 178236302 0.227008 0.203326 0.182286 0.119342
1 23855 70852079 0.262828 0.102941 0.353258 0.0743909
1 24250 72024681 0.0523082 0.0983532 0.234645 0.396345
1 64501 191577113 0.0590874 0.208704 0.192411 0.323102
1 68790 204316392 0.105122 0.215163 0.17877 0.119828
1 43410 128934696 0.252674 0.0669869 0.183165 0.35174
1 334 992329 0.150223 0.321378 0.102768 0.204456
1 254 753792 0.18634 0.0798668 0.433389 0.110759
1 5852 17380351 0.434189 0.158846 0.193706 0.183553
1 18753 55699566 0.119412 0.108965 0.155868 0.123863
1 27084 80443288 0.0811202 0.228448 0.287394 0.181964
1 3296 9789914 0.355834 0.324738 0.37099 0.382999
1 3372 10014940 0.150701 0.227849 0.41266 0.0737101
1 30735 91287992 0.123938 0.134817 0.276151 0.300105
1 67688 201043219 0.187603 0.113564 0.0927457 0.162323
1 43102 128018720 0.111079 0.270278 0.156598 0.169503
1 9416 27967097 0.375614 0.0585851 0.102453 0.309598
1 22063 65529559 0.107803 0.0920715 0.0664351 0.168529
1 49305 146442116 0.25985 0.345608 0.0929523 0.132268
1 11084 32919302 0.195243 0.165829 0.154056 0.189502
1 65834 195535848 0.162175 0.109388 0.142773 0.0733194
1 64410 191307190 0.458231 0.286315 0.0602079 0.197927
1 2303 6837929 0.120091 0.106201 0.320881 0.253404
1 14493 43046339 0.177833 0.149933 0.113395 0.0862628
1 75741 224962963 0.119757 0.317846 0.0617311 0.203932
1 38126 113239009 0.0963988 0.104185 0.242083 0.170915
1 38798 115236177 0.379638 0.23297 0.0757891 0.159731
1 62556 185801542 0.0942566 0.101227 0.0971253 0.0915739
1 75998 225725898 0.313001 0.0879587 0.159539 0.299717
1 21154 62829516 0.108857 0.305623 0.449626 0.150017
1 21425 63634746 0.0920128 0.228221 0.253964 0.0749758
1 50675 150511650 0.170355 0.100357 0.152493 0.090214
1 67672 200995874 0.0696429 0.222016 0.324456 0.0977722
1 49252 146286037 0.0854309 0.111555 0.17697 0.0708185
1 10275 30518234 0.291525 0.0949281 0.188809 0.228466
1 13840 41104739 0.186781 0.286613 0.316659 0.0813789
1 5249 15590406 0.145808 0.219413 0.212739 0.188415
1 44323 131644781 0.345877 0.113181 0.236359 0.232877
1 71840 213376705 0.214488 0.088606 0.176754 0.309792
1 24622 73131232 0.179739 0.287684 0.17773 0.214979
1 36104 107234081 0.074939 0.144742 0.100393 0.127058
1 41444 123095362 0.223367 0.140261 0.423161 0.155192
1 70557 209565325 0.218866 0.262586 0.112113 0.100938
1 9522 28281007 0.0976522 0.13071 0.159975 0.152042
1 39614 117658263 0.0728488 0.303166 0.061438 0.0722281
1 28599 84942216 0.154204 0.197916 0.0630425 0.0667659
1 74153 220246730 0.326992 0.278512 0.0751087 0.132418
1 38392 114028041 0.0686069 0.0935675 0.306288 0.0775445
1 22502 66834568 0.0695953 0.15838 0.447622 0.145757
1 34984 103905526 0.152844 0.388573 0.41226 0.0749077
1 66864 198595339 0.153567 0.102611 0.182222 0.452185
1 67186 199553392 0.163032 0.20124 0.06217 0.0684279
1 32286 95895089 0.0620075 0.287456 0.145987 0.131966
1 5723 16996271 0.205011 0.31359 0.198434 0.238856
1 4828 14338208 0.097702 0.0805044 0.0913203 0.220385
1 13906 41303246 0.370328 0.412328 0.139121 0.368747
1 75038 222874043 0.209979 0.362363 0.0805495 0.155377
1 29517 87669888 0.180841 0.346665 0.136689 0.17245
1 55211 163983547 0.362071 0.318089 0.08526 0.27817
1 36877 109528128 0.187953 0.177157 0.386183 0.0886193
1 39748 118056726 0.0640907 0.423736 0.342983 0.0703367
1 11281 33503949 0.157984 0.128819 0.431949 0.132385
1 13472 40012413 0.318627 0.172133 0.091105 0.35954
1 31739 94268154 0.259509 0.166119 0.144839 0.138167
1 53578 159134753 0.348725 0.377873 0.0842474 0.0909932
1 37708 111999114 0.126845 0.0734852 0.18621 0.189644
1 59233 175929439 0.196445 0.178793 0.391833 0.070246
1 66017 196079215 0.11426 0.281846 0.129222 -10
1 36087 107182507 0.140089 0.0982092 0.168846 0.198443
1 53189 157979701 0.127353 0.144729 0.0515421 0.127561
1 5828 17308530 0.337025 0.0912879 0.245409 0.194093
1 31495 93545189 0.077105 0.176202 0.205517 0.0743735
1 46248 137364124 0.171311 0.110052 0.0646912 0.0988467
1 31517 93609707 0.323165 0.174064 0.34938 0.0646386
1 38661 114828113 0.0695699 0.0855187 0.140174 0.181253
1 42173 125260091 0.154367 0.201381 0.404866 0.172734
1 51183 152021778 0.158379 0.0967719 0.115634 0.0708459
1 60764 180477635 0.15361 0.081737 0.436965 0.113151
1 6000 17819181 0.206031 0.39869 0.0670174 0.0549954
1 9531 28307887 0.123856 0.0989566 0.107783 0.0813382
1 301 893162 0.0602672 0.1923 0.0980176 0.134739
1 50613 150327218 0.446899 0.0960716 0.322059 0.0960341
1 19611 58246562 0.110559 0.164108 0.0636516 0.0727315
1 21616 64200523 0.196067 0.15602 0.180592 0.101639
1 55221 164013622 0.0719119 0.131218 0.10473 0.167385
1 25836 76736987 0.396756 0.37493 0.064645 0.097542
1 74511 221307601 0.18426 0.0832208 0.0902261 0.148986
1 11967 35541900 0.195805 0.110684 0.0896068 0.108159
1 8223 24423702 0.218154 0.368618 0.230938 0.103831
1 37385 111037042 0.211098 0.211995 0.0513331 0.0862617
1 22460 66709083 0.19001 0.09247 0.0844094 0.141012
1 24533 72866726 0.112768 0.179179 0.0675882 0.153155
1 66321 196982239 0.177661 0.116891 0.0666759 0.195825
1 71868 213458382 0.0634353 0.123357 0.0989474 0.414029
1 15592 46309867 0.159787 0.283082 0.187392 0.0874956
1 31853 94606315 -10 0.0680035 0.181083 0.0645932
1 16855 50061293 0.308778 0.132829 0.0993688 0.236763
1 41194 122353616 0.130281 0.0865446 0.272421 0.0882571
1 21805 64763209 0.0629244 0.0714326 0.154863 0.231665
1 17035 50594711 0.179225 0.134203 0.263182 0.220593
1 12414 36870975 0.0923556 0.129108 0.238877 0.341985
1 12432 36923255 0.402495 0.137763 0.168596 0.182556
1 31041 92194483 0.089915 0.166806 0.170834 0.101139
1 7241 21504434 0.0687155 0.230415 0.128192 0.0842935
1 31642 93981769 0.215272 0.0797897 0.169234 0.19415
1 36578 108640316 -10 0.0928619 0.188215 0.0583567
1 38163 113348128 0.0775792 0.085288 0.29739 0.174577
1 39408 117046219 0.0670997 0.141763 0.101924 0.158262
1 69814 207359666 0.387876 0.275521 0.111795 0.0679046
1 75014 222803881 0.26024 0.159337 0.109333 0.132038
1 57872 171887373 0.119803 0.377421 0.211937 0.15718
1 52294 155322333 0.21708 0.256037 0.0974114 0.123634
1 57066 169495682 0.208125 0.206695 0.216728 0.243479
1 63102 187422336 0.0811839 0.150445 0.089907 0.458035
1 58630 174140663 0.118441 0.0879179 0.168849 0.151759
1 68425 203232747 0.15609 0.0825655 0.385688 0.136712
1 5126 15224849 0.104195 0.0985288 0.0838704 0.191466
1 50439 149810748 0.0735253 0.164495 0.409744 0.187066
1 10089 29965508 0.123971 0.168152 0.126368 0.1014
1 40673 120804813 0.330622 0.0805909 0.0766882 0.210282
1 49477 146954291 0.44087 0.137245 0.320969 0.304166
1 63470 188515631 0.070944 0.144195 0.0886356 0.304282
1 43677 129728112 0.080154 0.342877 0.141097 0.0953972
1 75096 223047388 0.278915 -10 0.322949 0.115309
1 30041 89226814 0.181319 0.182995 0.201287 0.240451
1 42871 127332251 0.190159 0.103648 0.339799 0.140546
1 42859 127296917 0.174519 0.340927 0.152965 0.185549
1 58785 174601072 0.2452 0.432831 0.328623 0.435975
1 65401 194251121 0.332844 0.11499 0.457857 0.303525
1 58058 172439825 0.27337 0.159155 0.211914 0.261833
1 70647 209833467 0.254253 0.0903681 0.0753827 0.134668
1 51497 152952625 0.227939 0.422606 0.0722932 0.0715145
1 56908 169025643 0.185276 0.167339 0.350327 0.110461
1 63373 188227406 0.0914993 0.215617 0.0727372 0.0684056
1 3274 9723701 0.36637 0.131174 0.380362 0.357655
1 41068 121977674 0.258796 0.0563453 0.258843 0.217141
1 10117 30046499 0.254494 0.0967297 0.107312 0.126319
1 39366 116922975 0.190534 0.063679 0.142203 0.0842307
1 17276 51310551 0.456608 0.186301 0.180291 0.106413
1 39560 117497562 0.150765 0.167009 0.159371 -10
1 8414 24990777 0.0972087 0.142561 0.170166 0.20112
1 52817 156875572 0.382661 0.350338 0.121997 0.159238
1 64552 191729990 0.0930648 0.146265 0.158301 0.126067
1 31044 92205099 0.314702 0.114835 0.0643612 0.219983
1 2560 7601650 0.106606 0.155709 0.0851156 0.232128
1 35167 104450670 0.084104 0.0607972 0.061236 0.18418
1 30168 89603685 0.383415 0.0823461 0.100705 0.284751
1 63881 189735061 0.191302 0.1064 0.160483 0.0941502
1 71397 212059452 0.290777 0.1391 0.135067 0.146333
1 14324 42542703 0.189893 0.167575 0.0958199 0.146602
1 33975 100909334 0.102352 0.0900264 0.0799267 0.165218
1 26833 79696983 0.391983 0.203207 0.190391 0.147347
1 26371 78323914 0.187127 0.22032 0.069408 0.167721
1 63659 189076520 -10 0.111571 0.413717 0.0879842
1 28208 83782861 0.109319 0.109856 0.130261 0.262348
1 37086 110151128 0.10026 0.288816 0.116147 0.263552
1 38524 114420450 0.188639 0.261571 0.15782 0.138674
1 34952 103810772 0.458196 0.196816 0.0674894 0.267431
1 34952 103812819 0.202559 0.069388 0.181934 0.0930997
1 30366 90191265 0.210368 0.131922 0.101832 0.061164
1 41676 123783422 0.152696 -10 0.425259 0.241676
1 34177 101509859 0.238353 0.201895 0.106401 0.31019
1 49205 146147279 0.0699736 0.105639 0.0972339 0.181143
1 54147 160824179 0.0889459 0.0941208 0.192694 0.421101
1 26439 78525666 0.245226 0.284202 0.151281 0.152502
1 33386 99161355 0.285465 0.167499 0.126664 0.130422
1 54723 162535520 0.208483 0.0887903 0.115885 0.131036
1 56335 167324372 0.0925975 0.294427 0.305364 0.267953
1 36252 107673362 0.268759 0.157633 0.0774974 0.13964
1 61102 181481989 0.0983721 0.384248 0.069624 0.152645
1 20562 61071934 0.155756 0.253423 0.124832 0.169411
1 31171 92581961 0.0675125 0.10706 0.0757468 0.175743
1 42994 127699307 0.413079 0.0842724 0.0517342 0.169627
1 47285 140443911 0.0816654 0.192764 0.0966668 0.160674
1 52717 156577256 0.410112 0.385996 0.0984845 0.129607
1 30353 90152708 0.0734504 0.165178 0.0835509 0.113213
1 14590 43334390 0.148578 0.134279 0.0832994 0.135208
1 41274 122588095 0.204462 0.0785563 0.399662 0.342886
1 26479 78646164 0.288735 0.138057 0.345493 0.0803107
1 15224 45215524 0.22759 0.144626 0.248964 0.306717
1 12975 38537842 0.0647454 0.0615266 0.411711 0.288906
1 30248 89839439 0.284443 0.149957 0.0974298 0.306209
1 70169 208413023 0.445721 0.327012 0.0648339 0.15401
1 39450 117173308 0.0943055 0.302057 0.185842 0.210663
1 43427 128984380 0.126908 0.147244 0.190226 0.150736
1 50841 151004415 0.0992455 0.0591411 0.27859 0.436942
1 33040 98132698 0.369138 0.099326 0.214753 0.133599
1 70884 210536306 0.188465 0.135141 0.224566 0.130514
1 33823 100459867 0.10752 0.101174 0.0596076 0.148402
1 37907 112590332 0.16074 0.0939464 0.107126 0.265139
1 64126 190463641 0.0835828 0.0878885 0.330179 0.167543
1 13932 41378543 0.150973 0.100366 0.0883411 0.165363
1 35552 105594616 0.135911 0.0749739 0.174243 0.106557
1 36370 108025399 0.0624633 0.159353 0.179171 0.328901
1 34794 103343763 0.217179 0.194304 0.452373 0.38599
1 55694 165420508 0.144817 0.165825 0.210037 0.190102
1 3272 9718438 0.161571 0.345503 0.189051 0.0740606
1 40537 120399946 0.255524 0.0716438 0.0892205 0.11126
1 40539 120404930 0.114167 0.156521 0.128291 0.199848
1 74804 222179131 0.197785 0.181865 0.215498 0.391525
1 64269 190890011 0.188387 0.0962396 0.419992 0.10413
1 55501 164846197 0.0644175 0.089302 0.101832 0.0707856
1 50579 150226568 0.23544 0.180681 0.212988 0.430661
1 67136 199405442 0.0666692 0.153916 0.0806502 0.153766
1 40332 119792049 0.309134 0.137387 0.284379 0.0561902
1 46509 138139539 0.0947347 0.12184 0.288225 0.147658
1 11062 32854188 0.424703 0.0982429 0.0534465 0.073538
1 41163 122259315 0.0679331 0.253194 0.0717721 0.412594
1 41594 123538656 0.246346 0.0825874 0.061913 0.0892449
1 10927 32452964 0.0613632 0.13021 0.181117 0.172623
1 63667 189099834 0.177695 0.268477 0.445212 0.0691362
1 25390 75410994 0.363236 0.234581 0.14708 0.101605
1 42495 126216392 0.419206 0.302914 0.201099 0.0564621
1 28430 84440843 0.0735788 0.109084 0.153612 0.0701285
1 32079 95278672 0.165588 -10 0.12811 0.0936035
1 21029 62459305 0.0624323 0.170094 0.236779 0.123849
1 21029 62459646 0.376871 0.202989 0.181094 0.0996454
1 32080 95282185 0.28383 0.179012 0.410304 0.327055
1 71915 213599701 0.0961701 0.122719 0.333975 0.247521
1 76633 227610373 0.0635234 0.435267 0.185099 -10
1 30640 91003888 0.0716935 0.101362 0.171965 -10
1 40952 121632124 0.0894177 0.346441 0.139279 0.119212
1 47933 142366432 0.26656 0.1682 0.0806463 0.133288
1 19602 58221471 0.10969 0.0963447 0.161857 0.0942509
1 44520 132231225 0.39806 0.239162 0.218358 0.141804
1 33316 98953261 0.0491441 0.183693 0.0974921 0.122
1 36772 109217231 0.206496 0.170843 0.0750782 0.0752231
1 40948 121620043 0.0537618 0.0903935 0.080506 0.372285
1 42205 125353309 0.10689 0.138732 0.121821 0.0655944
1 60215 178847213 0.087763 0.317826 0.132395 0.123067
1 60897 180872625 0.0839466 0.153455 0.320697 0.218757
1 878 2606373 0.151377 0.23318 0.0900135 0.417348
1 895 2657323 0.34875 0.234907 0.103466 0.287827
1 68334 202960865 0.192665 0.256447 0.0969982 0.130239
1 21725 64524343 0.185359 0.139173 0.0918432 0.129686
1 65674 195061692 0.228073 0.113291 0.074377 0.111724
1 40640 120707782 0.171581 0.133928 0.11262 0.186044
1 16062 47707114 0.0969333 0.165077 0.395184 0.37185
1 20418 60643842 0.197769 0.0782806 0.0756001 0.16437
1 68717 204098795 0.0909085 0.169377 0.245697 0.150027
1 70761 210169684 0.139402 0.129809 0.064116 0.102346
1 57951 172121375 0.158799 0.193013 0.430456 0.458938
1 72384 214992197 0.105029 0.0793503 0.0644018 0.235715
1 35411 105175795 0.133774 0.366658 0.288182 0.0945404
1 58528 173837015 0.118578 0.135763 0.0608516 0.121384
1 61757 183427959 0.328865 0.126644 0.103572 0.103328
1 28021 83224584 0.458623 0.14997 0.298174 0.0934001
1 28243 83885668 0.0962221 0.104525 0.234326 0.0641409
1 16124 47888768 0.248795 0.205349 0.316306 0.220048
1 28090 83430597 0.148101 0.0777541 0.225691 0.419866
1 3670 10899413 0.121758 0.121541 0.0925077 0.182595
1 36069 107131285 0.362949 0.0590996 0.446333 0.089028
1 64038 190201331 0.159685 0.0796484 0.189802 0.121732
1 35741 106157000 0.096608 0.0685001 0.34464 0.073192
1 65263 193840983 0.0765312 0.0679247 0.081553 0.255534
1 74842 222293536 0.145525 0.205914 0.0847726 0.200514
1 8713 25876866 0.452029 0.302713 0.0641804 0.191587
1 19808 58833527 0.190083 0.0795962 0.18188 0.0970509
1 8068 23962306 0.419616 0.113414 0.0600445 0.0717132
1 8346 24786548 0.1061 0.155241 0.111931 0.309005
1 23381 69445506 0.156915 0.0734322 0.107928 0.18384
1 15240 45263035 0.109356 0.184722 0.440674 0.196449
1 34821 103423771 0.345425 0.141028 0.0925014 0.0980068
1 59878 177845240 0.167538 0.125614 0.120472 0.175133
1 70469 209302315 0.105939 0.182417 0.216793 0.150912
1 1593 4730265 0.109437 0.166444 0.443102 0.286475
1 3666 10886972 0.332846 0.0782878 0.34926 0.08912
1 74491 221249280 0.139774 0.0685116 0.359562 0.104146
1 1243 3692177 0.0707085 0.152946 0.0995388 0.354721
1 21813 64787661 0.109269 0.0883156 0.322125 0.242902
1 32985 97969863 0.268309 0.0577985 0.107805 0.208103
1 64986 193018934 0.215701 0.127707 0.39233 0.118503
1 36121 107284435 0.123212 -10 0.252213 0.0857407
1 36757 109174415 0.0832385 0.265691 0.421807 0.136843
1 53751 159647209 0.202436 0.139786 0.183183 0.184811
1 71932 213647680 0.306908 0.246078 0.184402 0.151974
1 4395 13051087 0.248059 0.111564 0.117393 0.103732
1 12698 37713639 0.101602 0.070396 0.0992913 0.322721
1 12541 37247843 0.0848545 0.0899779 0.100356 0.250753
1 46027 136706995 0.0799452 0.291277 0.169582 0.310306
1 47769 141881839 0.1576 0.324122 0.382483 0.445122
1 36869 109505544 0.0791992 0.105243 0.123057 0.0895491
1 8801 26138304 0.0672139 0.14496 0.151069 0.0929051
1 12389 36797590 0.0963883 0.0929417 0.0698385 0.238297
1 72544 215467272 0.18823 0.329954 0.445199 -10
1 18718 55595277 0.0963641 0.399183 0.275921 0.0804392
1 45573 135358539 0.111935 0.206565 0.24458 0.0702901
1 11651 34603082 0.0687827 0.0833047 0.44962 0.240336
1 65954 195891969 0.132486 0.0963831 0.259934 0.0711643
1 32543 96657644 0.0621798 0.370159 0.0790769 0.0874199
1 10295 30576516 0.216801 0.206825 0.0537001 0.206044
1 10568 31386876 0.3636 0.156012 0.0644486 0.0829643
1 27807 82589235 0.173504 0.115952 0.112798 0.115175
1 27933 82963221 0.277155 0.121966 0.291 0.130244
1 4172 12391713 0.373533 0.408014 0.111742 0.0896172
1 50177 149033242 0.282211 0.114132 0.154091 0.179491
1 23498 69790791 0.0844419 0.130545 0.193007 0.274826
1 24128 71662357 0.34804 0.0718477 0.154395 0.435987
1 73241 217536335 0.264971 0.113635 0.178921 0.188193
1 59698 177313112 0.146234 0.284877 0.0921139 0.152023
1 69428 206211587 0.223378 0.119043 0.100133 0.457785
1 26346 78252066 0.455993 0.0681059 0.113988 0.109396
1 44362 131761093 0.229359 0.216968 0.336286 0.193319
1 55790 165705135 0.0814264 0.172619 0.161998 0.207973
1 59849 177760171 0.0809081 0.118334 0.162052 0.145873
1 75924 225506472 0.275109 0.0962349 0.290865 0.105639
1 62073 184365256 0.214232 0.1372 0.121825 0.158933
1 35566 105635412 0.102921 0.150949 0.254749 0.18244
1 369 1093527 0.414838 0.119578 0.0943861 -10
1 60704 180300238 0.060091 0.363866 0.126894 0.0621568
1 628 1862656 0.188909 0.0939565 0.188637 0.0976338
1 17210 51114232 0.391426 0.408037 0.405855 0.162144
1 17388 51644446 0.0870315 0.211879 0.306738 0.125557
1 21839 64865351 0.0698819 0.122143 0.196677 0.292294
1 64981 193003711 0.0791958 0.0683644 0.0735869 0.232711
1 21659 64331380 0.216655 -10 0.186922 0.115742
1 18979 56368525 0.0912101 0.159253 0.120602 0.107671
1 16393 48687292 0.414174 0.342434 0.105413 0.223709
1 72309 214769978 0.186868 0.0662551 0.133075 0.23607
1 74128 220170528 0.0759338 0.0790544 0.0815625 0.188691
1 74473 221194759 0.115266 0.276214 0.0877123 0.0652447
1 42633 126625174 0.207366 0.415368 0.0876044 0.114075
1 2710 8047753 0.382831 0.0805549 0.373445 0.0820526
1 21140 62788277 0.283558 0.0976572 0.232878 0.0918357
1 65702 195144263 0.0750684 0.0570325 0.189062 0.113075
1 65710 195168358 0.204687 0.133357 0.4388 0.360481
1 61982 184096352 0.180016 0.155179 0.240911 0.263777
1 58596 174039679 0.149181 0.149981 0.182073 0.089556
1 16913 50233578 0.181429 0.146807 0.178381 0.431014
1 16913 50233654 0.11836 0.31004 0.160086 0.16045
1 32625 96899990 0.104469 0.298227 0.195547 0.123392
1 19494 57898147 0.244379 0.0939565 0.131631 0.102123
1 71949 213698202 0.069175 0.156963 0.0866816 0.283405
1 25168 74751717 0.344318 0.135019 0.2538 0.0866805
1 38379 113990939 0.176394 0.242975 0.0642345 0.164624
1 29504 87630344 0.157426 0.247224 0.324771 0.0893774
1 3059 9083573 0.0627718 0.18331 0.105249 0.0733548
1 3227 9583115 0.0734001 0.0936803 0.313451 0.175936
1 18793 55816412 0.350011 0.104995 0.215497 0.14755
1 18799 55836137 0.407802 0.152983 0.150162 0.28433
1 25524 75810290 0.132126 0.213991 0.191294 0.253201
1 40488 120255815 0.260889 0.0648651 0.431107 0.245311
1 76358 226794519 0.101256 0.404127 0.0875899 0.172126
1 38334 113858322 0.217263 -10 0.153794 0.0964001
1 43439 129018719 0.236813 0.0840574 0.159546 0.350823
1 16641 49427016 0.146007 0.132478 0.0963181 0.132969
1 70715 210035169 0.201961 0.367957 0.0792142 0.247994
1 35492 105415219 0.167742 0.102571 0.0640404 0.0866634
1 9154 27186791 0.269944 0.307141 0.0666864 0.164131
1 10054 29859801 0.0808575 0.2248 0.17835 0.10376
1 34286 101833737 0.300453 0.143072 0.34193 0.36593
1 2215 6578509 0.279526 0.182175 0.096581 0.122535
1 2295 6815196 0.177493 0.441305 0.16207 0.0727836
1 31573 93774290 0.0982007 0.0946208 0.157979 0.319663
1 36967 109798404 0.105186 0.0675133 0.165876 0.204744
1 16821 49960171 0.12906 0.100591 0.45162 0.0810981
1 51827 153932860 0.312081 0.120681 0.16027 0.0876554
1 64550 191722036 0.385039 0.235306 0.421829 0.111573
1 70487 209358122 0.455354 0.187134 0.0655906 0.0800945
1 13659 40567189 0.207429 -10 0.242326 0.137399
1 19112 56765137 0.455994 0.425435 0.172328 0.170445
1 5581 16573713 0.260192 0.184828 0.181896 0.163158
1 15355 45607261 0.210078 0.357116 0.35062 0.0642957
1 47518 141135311 0.0649279 0.410981 0.167785 0.136454
1 63218 187767660 0.142744 0.0694233 0.0629116 0.0723855
1 25317 75194305 0.209151 0.127538 0.0943775 0.143722
1 37207 110509052 0.140687 0.35508 0.159022 0.0754457
1 62069 184354901 0.24592 0.234271 0.0871744 0.0804976
1 65740 195256947 0.215099 0.122671 0.301693 0.160267
1 72305 214756710 0.109727 0.0879522 0.111547 0.164017
1 31976 94973495 0.0630835 0.128757 0.209205 0.358706
1 33212 98645467 0.239572 0.0767671 0.175641 0.395174
1 30358 90166617 0.217731 0.100242 0.0728018 0.420122
1 43009 127743885 0.167222 0.11703 0.0935234 0.1534
1 34563 102656784 0.204347 0.22107 0.0953715 0.176244
1 6979 20727978 0.0807851 0.236014 0.118393 0.456095
1 35025 104028532 0.379345 0.10455 0.120019 0.264914
1 24036 71390905 0.206754 0.129664 0.102653 0.169275
1 4856 14423200 0.182755 0.343996 0.282034 0.0872043
1 33873 100606706 0.314293 0.231043 0.0619213 0.0833232
1 61669 183164728 0.311737 0.234806 0.110473 0.0838226
1 33872 100604802 0.079521 0.12534 0.138842 0.19868
1 33921 100748842 0.066759 0.11873 0.105957 0.135177
1 35391 105116119 0.103194 0.0810846 0.178182 0.273745
1 4975 14774443 0.139269 0.0896595 0.423466 0.360991
1 70100 208207972 0.101402 0.084419 0.103098 0.240656
1 43197 128299986 0.199612 0.0805004 0.125282 0.15208
